448 347 201 447 352 203 452 351 202 
448 347 201 452 351 202 454 349 199 
427 382 203 425 363 213 411 364 214 
427 382 203 411 364 214 400 380 205 
412 353 210 414 359 213 426 357 211 
412 353 210 426 357 211 427 350 208 
438 347 204 427 350 208 426 357 211 
438 347 204 426 357 211 438 354 206 
438 347 204 438 354 206 447 352 203 
438 347 204 447 352 203 448 347 201 
455 355 201 456 361 198 458 354 198 
455 355 201 458 354 198 457 353 201 
457 351 199 454 349 199 452 351 202 
457 351 199 452 351 202 455 351 201 
458 354 198 457 351 199 455 351 201 
458 354 198 455 351 201 457 353 201 
455 355 201 451 357 203 446 374 199 
455 355 201 446 374 199 456 361 198 
412 353 210 399 354 211 399 359 214 
412 353 210 399 359 214 414 359 213 
427 382 203 446 374 199 445 358 206 
427 382 203 445 358 206 436 361 211 
474 286 174 490 301 161 502 320 168 
474 286 174 502 320 168 486 305 183 
512 402 195 502 390 200 505 373 195 
512 402 195 505 373 195 515 385 188 
481 361 88 479 385 86 499 382 98 
481 361 88 499 382 98 499 355 101 
537 505 144 540 471 146 540 463 138 
537 505 144 540 463 138 537 500 133 
466 286 156 433 262 162 432 246 156 
466 286 156 432 246 156 462 270 145 
460 275 185 468 285 190 454 276 197 
460 275 185 454 276 197 452 269 191 
433 262 162 466 286 156 453 278 170 
433 262 162 453 278 170 429 269 170 
466 286 156 490 301 161 474 286 174 
466 286 156 474 286 174 453 278 170 
527 591 122 528 588 138 534 547 133 
527 591 122 534 547 133 533 549 119 
526 530 178 529 535 171 520 559 179 
526 530 178 520 559 179 519 549 186 
505 513 196 509 506 191 513 510 191 
505 513 196 513 510 191 508 519 196 
516 539 191 522 524 184 526 530 178 
516 539 191 526 530 178 519 549 186 
503 509 195 500 503 196 502 498 192 
503 509 195 502 498 192 506 502 191 
527 581 153 533 543 146 534 547 133 
527 581 153 534 547 133 528 588 138 
516 539 191 512 528 194 518 517 189 
516 539 191 518 517 189 522 524 184 
488 593 197 464 602 206 462 574 210 
488 593 197 462 574 210 487 572 202 
462 574 210 459 550 212 485 554 207 
462 574 210 485 554 207 487 572 202 
488 593 197 494 621 190 470 634 199 
488 593 197 470 634 199 464 602 206 
468 517 206 452 513 205 452 508 204 
468 517 206 452 508 204 467 513 206 
451 507 202 467 512 205 467 513 206 
451 507 202 467 513 206 452 508 204 
459 550 212 457 532 209 478 538 206 
459 550 212 478 538 206 485 554 207 
474 526 207 456 521 207 454 515 206 
474 526 207 454 515 206 470 520 206 
417 432 221 429 430 223 421 428 227 
417 432 221 421 428 227 416 427 226 
539 451 157 537 425 160 536 411 150 
539 451 157 536 411 150 541 441 147 
512 364 181 505 341 175 521 358 165 
512 364 181 521 358 165 522 382 172 
465 350 208 466 346 207 473 344 206 
465 350 208 473 344 206 474 352 208 
522 382 172 521 358 165 529 380 156 
522 382 172 529 380 156 529 402 165 
505 373 195 502 390 200 490 380 204 
505 373 195 490 380 204 493 364 201 
457 353 201 457 350 203 455 351 204 
457 353 201 455 351 204 455 355 201 
452 351 206 451 357 203 455 355 201 
452 351 206 455 355 201 455 351 204 
462 356 211 457 353 210 461 349 208 
462 356 211 461 349 208 465 350 208 
483 357 205 474 352 208 473 344 206 
483 357 205 473 344 206 483 345 203 
518 481 185 513 470 188 523 461 183 
518 481 185 523 461 183 524 475 180 
513 432 194 505 417 200 512 402 195 
513 432 194 512 402 195 522 417 189 
512 402 195 515 385 188 525 401 181 
512 402 195 525 401 181 522 417 189 
459 335 210 456 343 210 450 342 214 
459 335 210 450 342 214 451 330 214 
473 382 209 464 370 212 470 361 210 
473 382 209 470 361 210 479 370 207 
468 331 206 474 323 202 479 334 202 
468 331 206 479 334 202 472 338 205 
474 352 208 483 357 205 479 370 207 
474 352 208 479 370 207 470 361 210 
450 342 214 456 343 210 452 349 209 
450 342 214 452 349 209 445 351 213 
443 455 214 435 463 217 441 450 217 
443 455 214 441 450 217 449 443 212 
432 480 214 424 485 216 427 468 220 
432 480 214 427 468 220 435 463 217 
440 483 208 431 493 209 432 480 214 
440 483 208 432 480 214 442 470 213 
479 385 86 480 409 83 500 410 95 
479 385 86 500 410 95 499 382 98 
487 330 195 478 314 195 486 305 183 
487 330 195 486 305 183 494 330 186 
505 341 175 502 320 168 517 336 156 
505 341 175 517 336 156 521 358 165 
529 380 156 529 360 146 533 399 139 
529 380 156 533 399 139 536 411 150 
538 434 139 541 441 147 536 411 150 
538 434 139 536 411 150 533 399 139 
446 668 189 447 689 170 423 694 172 
446 668 189 423 694 172 422 672 191 
497 644 175 516 617 164 517 629 147 
497 644 175 517 629 147 498 662 157 
527 591 122 515 633 128 517 629 147 
527 591 122 517 629 147 528 588 138 
462 574 210 464 602 206 440 606 210 
462 574 210 440 606 210 435 573 214 
431 493 209 440 483 208 439 489 204 
431 493 209 439 489 204 436 500 206 
416 489 220 419 472 223 427 468 220 
416 489 220 427 468 220 424 485 216 
440 606 210 444 640 203 421 642 205 
440 606 210 421 642 205 419 606 211 
400 570 215 399 543 215 412 543 215 
400 570 215 412 543 215 417 572 215 
400 606 212 400 570 215 417 572 215 
400 606 212 417 572 215 419 606 211 
506 564 195 487 572 202 485 554 207 
506 564 195 485 554 207 505 551 198 
519 549 186 506 564 195 505 551 198 
519 549 186 505 551 198 516 539 191 
466 474 202 450 480 204 453 470 207 
466 474 202 453 470 207 468 465 204 
441 414 216 421 415 218 424 397 222 
441 414 216 424 397 222 441 404 215 
452 423 211 441 414 216 441 404 215 
452 423 211 441 404 215 453 416 210 
410 385 227 432 382 223 424 397 222 
410 385 227 424 397 222 410 394 223 
454 460 210 453 448 212 464 440 210 
454 460 210 464 440 210 466 453 207 
410 385 227 410 394 223 399 392 223 
410 385 227 399 392 223 399 383 226 
460 428 209 454 435 210 452 423 211 
460 428 209 452 423 211 453 416 210 
464 440 210 453 448 212 454 435 210 
464 440 210 454 435 210 460 428 209 
442 494 202 443 496 200 442 497 201 
442 494 202 442 497 201 441 498 203 
422 672 191 421 642 205 444 640 203 
422 672 191 444 640 203 446 668 189 
474 679 165 472 687 143 446 698 147 
474 679 165 446 698 147 447 689 170 
444 676 105 443 692 125 468 680 122 
444 676 105 468 680 122 468 667 105 
443 692 125 420 697 126 421 702 149 
443 692 125 421 702 149 446 698 147 
432 541 214 459 550 212 462 574 210 
432 541 214 462 574 210 435 573 214 
435 573 214 417 572 215 412 543 215 
435 573 214 412 543 215 432 541 214 
457 532 209 440 522 209 444 512 206 
457 532 209 444 512 206 456 521 207 
457 353 210 462 356 211 458 363 214 
457 353 210 458 363 214 454 358 214 
438 445 226 425 446 232 421 431 231 
438 445 226 421 431 231 435 432 226 
429 430 216 417 432 221 412 421 222 
429 430 216 412 421 222 421 415 218 
431 374 225 410 378 230 412 363 228 
431 374 225 412 363 228 432 361 224 
432 361 224 412 363 228 412 356 221 
432 361 224 412 356 221 429 354 219 
429 354 219 412 356 221 411 364 214 
429 354 219 411 364 214 425 363 213 
424 397 222 421 415 218 408 406 220 
424 397 222 408 406 220 410 394 223 
412 363 228 410 378 230 399 377 230 
412 363 228 399 377 230 399 363 228 
399 363 214 411 364 214 412 356 221 
399 363 214 412 356 221 399 356 221 
421 431 231 425 446 232 413 448 236 
421 431 231 413 448 236 411 432 236 
424 458 229 419 472 223 410 475 227 
424 458 229 410 475 227 414 460 232 
416 489 220 408 492 222 410 475 227 
416 489 220 410 475 227 419 472 223 
416 489 220 415 503 214 408 506 216 
416 489 220 408 506 216 408 492 222 
399 431 238 411 432 236 413 448 236 
399 431 238 413 448 236 399 448 238 
399 448 238 413 448 236 414 460 232 
399 448 238 414 460 232 399 461 234 
527 581 153 528 588 138 517 629 147 
527 581 153 517 629 147 516 617 164 
519 504 185 518 491 183 526 490 178 
519 504 185 526 490 178 525 507 180 
525 507 180 522 524 184 518 517 189 
525 507 180 518 517 189 519 504 185 
530 539 159 536 508 155 537 505 144 
530 539 159 537 505 144 533 543 146 
526 490 178 531 488 172 530 509 174 
526 490 178 530 509 174 525 507 180 
510 501 189 507 495 190 512 494 187 
510 501 189 512 494 187 513 502 187 
540 471 146 537 505 144 536 508 155 
540 471 146 536 508 155 538 478 155 
536 508 155 534 509 166 535 484 164 
536 508 155 535 484 164 538 478 155 
399 248 168 399 228 164 432 246 156 
399 248 168 432 246 156 433 262 162 
468 299 199 467 312 205 454 303 208 
468 299 199 454 303 208 455 290 204 
436 314 215 420 315 217 424 300 216 
436 314 215 424 300 216 440 299 212 
457 348 206 455 350 204 453 350 205 
457 348 206 453 350 205 456 348 207 
455 351 204 457 350 203 458 348 206 
455 351 204 458 348 206 457 349 207 
445 351 213 439 354 209 428 356 214 
445 351 213 428 356 214 435 351 219 
495 405 204 502 390 200 512 402 195 
495 405 204 512 402 195 505 417 200 
494 431 202 505 417 200 513 432 194 
494 431 202 513 432 194 499 445 198 
468 418 209 475 431 208 464 440 210 
468 418 209 464 440 210 460 428 209 
490 380 204 484 393 207 473 382 209 
490 380 204 473 382 209 479 370 207 
519 446 189 523 461 183 513 470 188 
519 446 189 513 470 188 507 458 193 
509 487 189 502 479 193 513 470 188 
509 487 189 513 470 188 518 481 185 
519 344 137 506 320 148 491 313 141 
519 344 137 491 313 141 507 341 131 
526 530 178 522 524 184 525 507 180 
526 530 178 525 507 180 530 509 174 
531 469 173 524 475 180 523 461 183 
531 469 173 523 461 183 531 451 177 
519 504 185 513 502 187 512 494 187 
519 504 185 512 494 187 518 491 183 
400 538 58 400 580 63 429 581 64 
400 538 58 429 581 64 431 539 59 
446 668 189 444 640 203 470 634 199 
446 668 189 470 634 199 472 659 184 
474 679 165 472 659 184 497 644 175 
474 679 165 497 644 175 498 662 157 
445 351 213 452 349 209 448 351 206 
445 351 213 448 351 206 439 354 209 
452 351 206 447 351 209 445 358 206 
452 351 206 445 358 206 451 357 203 
423 264 204 442 268 202 442 283 209 
423 264 204 442 283 209 424 279 213 
490 301 161 506 320 148 517 336 156 
490 301 161 517 336 156 502 320 168 
500 352 190 512 364 181 515 385 188 
500 352 190 515 385 188 505 373 195 
532 418 175 528 433 183 522 417 189 
532 418 175 522 417 189 525 401 181 
420 697 126 420 681 105 400 682 105 
420 697 126 400 682 105 400 699 126 
422 657 88 420 681 105 444 676 105 
422 657 88 444 676 105 448 653 89 
450 495 202 463 493 204 463 494 203 
450 495 202 463 494 203 450 497 201 
465 482 203 450 486 203 450 480 204 
465 482 203 450 480 204 466 474 202 
521 358 165 517 336 156 529 360 146 
521 358 165 529 360 146 529 380 156 
494 621 190 488 593 197 508 580 189 
494 621 190 508 580 189 514 600 179 
474 526 207 470 520 206 490 518 203 
474 526 207 490 518 203 493 525 203 
439 499 203 436 500 206 439 489 204 
439 499 203 439 489 204 441 491 203 
452 513 205 445 505 204 444 501 202 
452 513 205 444 501 202 452 508 204 
450 495 202 450 491 203 463 488 204 
450 495 202 463 488 204 463 493 204 
450 497 201 443 497 199 443 496 200 
450 497 201 443 496 200 450 495 202 
452 423 211 454 435 210 449 443 212 
452 423 211 449 443 212 454 431 213 
451 330 214 439 326 218 436 314 215 
451 330 214 436 314 215 452 317 212 
455 290 204 454 276 197 468 285 190 
455 290 204 468 285 190 468 299 199 
494 330 186 500 352 190 491 347 197 
494 330 186 491 347 197 487 330 195 
476 406 208 466 394 209 473 382 209 
476 406 208 473 382 209 484 393 207 
484 393 207 490 380 204 502 390 200 
484 393 207 502 390 200 495 405 204 
465 342 206 461 345 207 459 344 208 
465 342 206 459 344 208 462 338 208 
455 351 201 452 351 202 453 350 205 
455 351 201 453 350 205 455 350 204 
455 350 204 457 350 203 457 353 201 
455 350 204 457 353 201 455 351 201 
454 358 214 451 352 212 455 351 209 
454 358 214 455 351 209 457 353 210 
466 286 156 491 313 141 506 320 148 
466 286 156 506 320 148 490 301 161 
529 360 146 519 344 137 526 378 131 
529 360 146 526 378 131 533 399 139 
413 423 228 421 431 231 411 432 236 
413 423 228 411 432 236 408 419 231 
414 460 232 410 475 227 399 476 228 
414 460 232 399 476 228 399 461 234 
450 386 77 450 364 79 422 366 76 
450 386 77 422 366 76 422 387 73 
484 511 203 485 512 203 467 513 206 
484 511 203 467 513 206 467 512 205 
467 513 206 485 512 203 487 516 203 
467 513 206 487 516 203 468 517 206 
444 501 202 443 500 199 451 507 202 
444 501 202 451 507 202 452 508 204 
478 314 195 487 330 195 479 334 202 
478 314 195 479 334 202 474 323 202 
452 317 212 463 324 209 459 335 210 
452 317 212 459 335 210 451 330 214 
443 455 214 449 443 212 454 435 210 
443 455 214 454 435 210 453 448 212 
529 535 171 534 509 166 536 508 155 
529 535 171 536 508 155 530 539 159 
408 492 222 399 493 223 399 476 228 
408 492 222 399 476 228 410 475 227 
408 506 216 399 506 217 399 493 223 
408 506 216 399 493 223 408 492 222 
452 351 206 455 351 209 451 352 212 
452 351 206 451 352 212 447 351 209 
440 340 220 439 326 218 451 330 214 
440 340 220 451 330 214 450 342 214 
423 337 227 423 325 222 439 326 218 
423 337 227 439 326 218 440 340 220 
427 468 220 419 472 223 424 458 229 
427 468 220 424 458 229 433 456 223 
420 315 217 436 314 215 439 326 218 
420 315 217 439 326 218 423 325 222 
437 427 220 440 422 219 449 420 218 
437 427 220 449 420 218 445 427 222 
449 439 219 454 431 213 449 443 212 
449 439 219 449 443 212 441 450 217 
433 456 223 438 445 226 449 439 219 
433 456 223 449 439 219 441 450 217 
424 458 229 425 446 232 438 445 226 
424 458 229 438 445 226 433 456 223 
485 554 207 478 538 206 498 537 201 
485 554 207 498 537 201 505 551 198 
466 346 207 461 347 207 461 345 207 
466 346 207 461 345 207 465 342 206 
440 340 220 450 342 214 445 351 213 
440 340 220 445 351 213 435 351 219 
414 357 218 399 358 219 398 350 226 
414 357 218 398 350 226 417 350 225 
417 350 225 423 337 227 440 340 220 
417 350 225 440 340 220 435 351 219 
438 354 206 439 354 209 448 351 206 
438 354 206 448 351 206 447 352 203 
438 354 206 426 357 211 428 356 214 
438 354 206 428 356 214 439 354 209 
426 357 211 414 359 213 414 357 218 
426 357 211 414 357 218 428 356 214 
407 413 223 408 406 220 421 415 218 
407 413 223 421 415 218 412 421 222 
408 419 231 399 418 232 399 413 222 
408 419 231 399 413 222 407 413 223 
416 427 226 413 423 228 412 421 222 
416 427 226 412 421 222 417 432 221 
424 458 229 414 460 232 413 448 236 
424 458 229 413 448 236 425 446 232 
457 348 206 456 348 207 459 344 208 
457 348 206 459 344 208 461 345 207 
463 488 204 479 488 203 478 492 203 
463 488 204 478 492 203 463 493 204 
502 497 191 505 498 191 506 502 191 
502 497 191 506 502 191 502 498 192 
501 496 192 502 497 191 501 498 191 
501 496 192 501 498 191 500 497 192 
422 265 193 423 264 204 399 268 204 
422 265 193 399 268 204 399 264 193 
442 268 202 440 265 192 452 269 191 
442 268 202 452 269 191 454 276 197 
485 620 83 503 626 96 515 589 90 
485 620 83 515 589 90 494 585 75 
485 620 83 474 648 93 487 652 102 
485 620 83 487 652 102 503 626 96 
515 589 90 503 626 96 511 632 111 
515 589 90 511 632 111 525 591 106 
468 667 105 468 680 122 491 661 117 
468 667 105 491 661 117 487 652 102 
424 265 182 429 269 170 453 278 170 
424 265 182 453 278 170 443 270 182 
460 275 185 452 269 191 440 265 192 
460 275 185 440 265 192 443 270 182 
444 512 206 445 509 205 454 515 206 
444 512 206 454 515 206 456 521 207 
422 657 88 448 653 89 455 620 76 
422 657 88 455 620 76 426 622 74 
455 620 76 485 620 83 494 585 75 
455 620 76 494 585 75 462 582 67 
456 429 67 451 406 73 424 406 69 
456 429 67 424 406 69 426 429 63 
451 406 73 450 386 77 422 387 73 
451 406 73 422 387 73 424 406 69 
500 410 95 480 409 83 486 434 78 
500 410 95 486 434 78 506 439 92 
486 434 78 493 464 73 514 469 89 
486 434 78 514 469 89 506 439 92 
400 496 57 430 497 58 428 459 59 
400 496 57 428 459 59 400 458 58 
506 320 148 519 344 137 529 360 146 
506 320 148 529 360 146 517 336 156 
450 480 204 450 486 203 441 491 203 
450 480 204 441 491 203 439 489 204 
453 470 207 440 483 208 442 470 213 
453 470 207 442 470 213 454 460 210 
520 506 87 498 503 71 498 544 72 
520 506 87 498 544 72 521 547 87 
515 589 90 525 591 106 530 548 104 
515 589 90 530 548 104 521 547 87 
533 549 119 530 548 104 525 591 106 
533 549 119 525 591 106 527 591 122 
534 547 133 533 543 146 537 505 144 
534 547 133 537 505 144 537 500 133 
513 502 187 513 510 191 509 506 191 
513 502 187 509 506 191 510 501 189 
512 528 194 516 539 191 505 551 198 
512 528 194 505 551 198 498 537 201 
472 687 143 495 666 136 491 661 117 
472 687 143 491 661 117 468 680 122 
498 662 157 517 629 147 515 633 128 
498 662 157 515 633 128 495 666 136 
472 687 143 474 679 165 498 662 157 
472 687 143 498 662 157 495 666 136 
519 549 186 520 559 179 508 580 189 
519 549 186 508 580 189 506 564 195 
513 502 187 519 504 185 518 517 189 
513 502 187 518 517 189 513 510 191 
424 265 182 422 265 193 399 264 193 
424 265 182 399 264 193 399 260 182 
442 283 209 455 290 204 454 303 208 
442 283 209 454 303 208 440 299 212 
499 355 101 499 382 98 511 377 110 
499 355 101 511 377 110 508 347 113 
466 474 202 488 470 199 482 482 202 
466 474 202 482 482 202 465 482 203 
508 519 196 493 525 203 490 518 203 
508 519 196 490 518 203 505 513 196 
461 349 208 457 353 210 455 351 209 
461 349 208 455 351 209 457 349 207 
461 347 207 461 349 208 457 349 207 
461 347 207 457 349 207 458 348 206 
446 366 219 431 374 225 432 361 224 
446 366 219 432 361 224 444 356 218 
399 383 226 399 377 230 410 378 230 
399 383 226 410 378 230 410 385 227 
432 361 224 429 354 219 440 352 214 
432 361 224 440 352 214 444 356 218 
440 352 214 429 354 219 425 363 213 
440 352 214 425 363 213 436 361 211 
399 363 228 399 356 221 412 356 221 
399 363 228 412 356 221 412 363 228 
400 704 150 400 696 173 423 694 172 
400 704 150 423 694 172 421 702 149 
464 440 210 475 431 208 480 444 204 
464 440 210 480 444 204 466 453 207 
489 494 200 477 493 202 478 492 203 
489 494 200 478 492 203 491 493 200 
503 509 195 487 516 203 485 512 203 
503 509 195 485 512 203 500 503 196 
442 494 202 450 491 203 450 495 202 
442 494 202 450 495 202 443 496 200 
442 497 201 443 496 200 443 497 199 
442 497 201 443 497 199 441 497 199 
442 283 209 442 268 202 454 276 197 
442 283 209 454 276 197 455 290 204 
442 283 209 440 299 212 424 300 216 
442 283 209 424 300 216 424 279 213 
501 499 192 503 504 190 502 500 189 
501 499 192 502 500 189 501 498 191 
450 497 201 450 494 200 443 495 198 
450 497 201 443 495 198 443 497 199 
450 494 200 450 497 201 463 494 203 
450 494 200 463 494 203 461 492 202 
489 494 200 496 496 195 496 494 194 
489 494 200 496 494 194 487 491 199 
484 511 203 467 512 205 467 517 203 
484 511 203 467 517 203 483 518 202 
501 496 192 504 496 192 505 498 191 
501 496 192 505 498 191 502 497 191 
507 495 190 510 501 189 505 498 191 
507 495 190 505 498 191 504 496 192 
509 506 191 505 513 196 503 509 195 
509 506 191 503 509 195 506 502 191 
487 516 203 490 518 203 470 520 206 
487 516 203 470 520 206 468 517 206 
441 498 203 439 499 203 441 491 203 
441 498 203 441 491 203 442 494 202 
467 312 205 468 299 199 478 314 195 
467 312 205 478 314 195 474 323 202 
440 265 192 442 268 202 423 264 204 
440 265 192 423 264 204 422 265 193 
486 305 183 502 320 168 505 341 175 
486 305 183 505 341 175 494 330 186 
452 351 202 447 352 203 448 351 206 
452 351 202 448 351 206 453 350 205 
465 342 206 462 338 208 468 331 206 
465 342 206 468 331 206 472 338 205 
410 378 230 431 374 225 432 382 223 
410 378 230 432 382 223 410 385 227 
431 374 225 446 366 219 449 372 218 
431 374 225 449 372 218 432 382 223 
468 465 204 453 470 207 454 460 210 
468 465 204 454 460 210 466 453 207 
475 431 208 485 419 206 494 431 202 
475 431 208 494 431 202 480 444 204 
432 480 214 435 463 217 443 455 214 
432 480 214 443 455 214 442 470 213 
415 503 214 416 489 220 424 485 216 
415 503 214 424 485 216 423 499 212 
443 455 214 453 448 212 454 460 210 
443 455 214 454 460 210 442 470 213 
432 541 214 440 522 209 457 532 209 
432 541 214 457 532 209 459 550 212 
474 526 207 478 538 206 457 532 209 
474 526 207 457 532 209 456 521 207 
506 564 195 508 580 189 488 593 197 
506 564 195 488 593 197 487 572 202 
445 509 205 439 499 203 441 498 203 
445 509 205 441 498 203 445 505 204 
442 497 201 444 501 202 445 505 204 
442 497 201 445 505 204 441 498 203 
444 501 202 442 497 201 441 497 199 
444 501 202 441 497 199 443 500 199 
529 535 171 530 539 159 524 570 168 
529 535 171 524 570 168 520 559 179 
494 325 89 487 342 88 500 330 102 
494 325 89 500 330 102 499 305 104 
429 224 152 432 246 156 399 228 164 
429 224 152 399 228 164 399 210 160 
506 341 123 508 347 113 511 377 110 
506 341 123 511 377 110 515 374 119 
459 335 210 462 338 208 459 344 208 
459 335 210 459 344 208 456 343 210 
506 341 123 507 341 131 491 313 141 
506 341 123 491 313 141 488 302 132 
506 341 123 515 374 119 517 372 125 
506 341 123 517 372 125 507 341 131 
456 429 67 426 429 63 428 459 59 
456 429 67 428 459 59 460 460 63 
400 388 73 400 407 68 424 406 69 
400 388 73 424 406 69 422 387 73 
400 407 68 400 429 62 426 429 63 
400 407 68 426 429 63 424 406 69 
429 581 64 400 580 63 400 622 73 
429 581 64 400 622 73 426 622 74 
400 658 88 422 657 88 426 622 74 
400 658 88 426 622 74 400 622 73 
422 387 73 422 366 76 400 366 75 
422 387 73 400 366 75 400 388 73 
465 542 63 431 539 59 429 581 64 
465 542 63 429 581 64 462 582 67 
400 658 88 400 682 105 420 681 105 
400 658 88 420 681 105 422 657 88 
488 302 132 502 317 116 508 347 113 
488 302 132 508 347 113 506 341 123 
508 347 113 502 317 116 500 330 102 
508 347 113 500 330 102 499 355 101 
487 342 88 481 361 88 499 355 101 
487 342 88 499 355 101 500 330 102 
481 361 88 487 342 88 451 344 80 
481 361 88 451 344 80 450 364 79 
422 366 76 422 346 77 400 346 77 
422 366 76 400 346 77 400 366 75 
521 547 87 498 544 72 494 585 75 
521 547 87 494 585 75 515 589 90 
400 538 58 431 539 59 430 497 58 
400 538 58 430 497 58 400 496 57 
498 544 72 498 503 71 465 500 61 
498 544 72 465 500 61 465 542 63 
534 513 120 529 504 104 530 548 104 
534 513 120 530 548 104 533 549 119 
464 602 206 470 634 199 444 640 203 
464 602 206 444 640 203 440 606 210 
400 642 206 400 606 212 419 606 211 
400 642 206 419 606 211 421 642 205 
419 606 211 417 572 215 435 573 214 
419 606 211 435 573 214 440 606 210 
400 696 173 400 673 192 422 672 191 
400 696 173 422 672 191 423 694 172 
421 642 205 422 672 191 400 673 192 
421 642 205 400 673 192 400 642 206 
523 461 183 519 446 189 528 433 183 
523 461 183 528 433 183 531 451 177 
531 451 177 528 433 183 532 418 175 
531 451 177 532 418 175 536 438 169 
537 425 160 536 438 169 532 418 175 
537 425 160 532 418 175 529 402 165 
468 285 190 486 305 183 478 314 195 
468 285 190 478 314 195 468 299 199 
459 335 210 463 324 209 468 331 206 
459 335 210 468 331 206 462 338 208 
456 343 210 459 344 208 456 348 207 
456 343 210 456 348 207 452 349 209 
452 349 209 456 348 207 453 350 205 
452 349 209 453 350 205 448 351 206 
504 491 193 509 487 189 512 494 187 
504 491 193 512 494 187 507 495 190 
504 496 192 501 496 192 498 495 195 
504 496 192 498 495 195 500 493 194 
501 496 192 500 497 192 496 496 195 
501 496 192 496 496 195 498 495 195 
500 493 194 504 491 193 507 495 190 
500 493 194 507 495 190 504 496 192 
497 644 175 494 621 190 514 600 179 
497 644 175 514 600 179 516 617 164 
472 659 184 470 634 199 494 621 190 
472 659 184 494 621 190 497 644 175 
520 559 179 524 570 168 514 600 179 
520 559 179 514 600 179 508 580 189 
508 519 196 513 510 191 518 517 189 
508 519 196 518 517 189 512 528 194 
508 519 196 512 528 194 498 537 201 
508 519 196 498 537 201 493 525 203 
493 525 203 498 537 201 478 538 206 
493 525 203 478 538 206 474 526 207 
483 357 205 493 364 201 490 380 204 
483 357 205 490 380 204 479 370 207 
454 303 208 452 317 212 436 314 215 
454 303 208 436 314 215 440 299 212 
454 303 208 467 312 205 463 324 209 
454 303 208 463 324 209 452 317 212 
491 347 197 483 345 203 479 334 202 
491 347 197 479 334 202 487 330 195 
447 391 216 459 406 210 453 416 210 
447 391 216 453 416 210 441 404 215 
429 430 216 421 415 218 441 414 216 
429 430 216 441 414 216 436 421 219 
449 420 218 454 431 213 449 439 219 
449 420 218 449 439 219 445 427 222 
449 420 218 440 422 219 436 421 219 
449 420 218 436 421 219 441 414 216 
419 518 212 428 509 209 440 522 209 
419 518 212 440 522 209 432 541 214 
519 446 189 513 432 194 522 417 189 
519 446 189 522 417 189 528 433 183 
443 270 182 440 265 192 422 265 193 
443 270 182 422 265 193 424 265 182 
414 359 213 399 359 214 399 358 219 
414 359 213 399 358 219 414 357 218 
414 357 218 417 350 225 435 351 219 
414 357 218 435 351 219 428 356 214 
423 325 222 398 325 223 399 316 217 
423 325 222 399 316 217 420 315 217 
398 337 228 398 325 223 423 325 222 
398 337 228 423 325 222 423 337 227 
424 300 216 420 315 217 399 316 217 
424 300 216 399 316 217 399 302 218 
424 300 216 399 302 218 399 280 214 
424 300 216 399 280 214 424 279 213 
502 479 193 488 470 199 507 458 193 
502 479 193 507 458 193 513 470 188 
488 470 199 502 479 193 495 486 197 
488 470 199 495 486 197 482 482 202 
478 492 203 479 488 203 492 490 199 
478 492 203 492 490 199 491 493 200 
478 492 203 477 493 202 463 494 203 
478 492 203 463 494 203 463 493 204 
488 470 199 466 474 202 468 465 204 
488 470 199 468 465 204 484 457 202 
468 465 204 466 453 207 480 444 204 
468 465 204 480 444 204 484 457 202 
399 418 232 408 419 231 411 432 236 
399 418 232 411 432 236 399 431 238 
413 423 228 408 419 231 407 413 223 
413 423 228 407 413 223 412 421 222 
440 483 208 453 470 207 450 480 204 
440 483 208 450 480 204 439 489 204 
487 516 203 503 509 195 505 513 196 
487 516 203 505 513 196 490 518 203 
479 488 203 463 488 204 465 482 203 
479 488 203 465 482 203 482 482 202 
509 506 191 506 502 191 505 498 191 
509 506 191 505 498 191 510 501 189 
450 491 203 442 494 202 441 491 203 
450 491 203 441 491 203 450 486 203 
454 515 206 445 509 205 445 505 204 
454 515 206 445 505 204 452 513 205 
454 515 206 452 513 205 468 517 206 
454 515 206 468 517 206 470 520 206 
450 486 203 465 482 203 463 488 204 
450 486 203 463 488 204 450 491 203 
500 493 194 498 495 195 491 493 200 
500 493 194 491 493 200 492 490 199 
492 490 199 479 488 203 482 482 202 
492 490 199 482 482 202 495 486 197 
498 495 195 496 496 195 489 494 200 
498 495 195 489 494 200 491 493 200 
439 499 203 445 509 205 444 512 206 
439 499 203 444 512 206 436 500 206 
431 493 209 423 499 212 424 485 216 
431 493 209 424 485 216 432 480 214 
437 427 220 445 427 222 435 432 226 
437 427 220 435 432 226 429 430 223 
445 427 222 449 439 219 438 445 226 
445 427 222 438 445 226 435 432 226 
534 509 166 529 535 171 526 530 178 
534 509 166 526 530 178 530 509 174 
531 488 172 535 484 164 534 509 166 
531 488 172 534 509 166 530 509 174 
535 461 165 531 469 173 531 451 177 
535 461 165 531 451 177 536 438 169 
512 364 181 522 382 172 525 401 181 
512 364 181 525 401 181 515 385 188 
525 401 181 522 382 172 529 402 165 
525 401 181 529 402 165 532 418 175 
505 341 175 512 364 181 500 352 190 
505 341 175 500 352 190 494 330 186 
505 373 195 493 364 201 491 347 197 
505 373 195 491 347 197 500 352 190 
536 411 150 537 425 160 529 402 165 
536 411 150 529 402 165 529 380 156 
483 345 203 491 347 197 493 364 201 
483 345 203 493 364 201 483 357 205 
479 334 202 483 345 203 473 344 206 
479 334 202 473 344 206 472 338 205 
461 347 207 466 346 207 465 350 208 
461 347 207 465 350 208 461 349 208 
535 484 164 535 461 165 539 451 157 
535 484 164 539 451 157 538 478 155 
537 500 133 534 513 120 533 549 119 
537 500 133 533 549 119 534 547 133 
509 487 189 504 491 193 495 486 197 
509 487 189 495 486 197 502 479 193 
504 491 193 500 493 194 492 490 199 
504 491 193 492 490 199 495 486 197 
537 425 160 539 451 157 535 461 165 
537 425 160 535 461 165 536 438 169 
408 406 220 400 404 220 399 392 223 
408 406 220 399 392 223 410 394 223 
475 431 208 468 418 209 476 406 208 
475 431 208 476 406 208 485 419 206 
459 406 210 468 418 209 460 428 209 
459 406 210 460 428 209 453 416 210 
447 391 216 456 379 214 466 394 209 
447 391 216 466 394 209 459 406 210 
456 379 214 447 391 216 432 382 223 
456 379 214 432 382 223 449 372 218 
441 404 215 424 397 222 432 382 223 
441 404 215 432 382 223 447 391 216 
446 366 219 444 356 218 451 352 212 
446 366 219 451 352 212 454 358 214 
444 356 218 440 352 214 447 351 209 
444 356 218 447 351 209 451 352 212 
447 351 209 440 352 214 436 361 211 
447 351 209 436 361 211 445 358 206 
446 366 219 454 358 214 458 363 214 
446 366 219 458 363 214 449 372 218 
421 431 231 421 428 227 429 430 223 
421 431 231 429 430 223 435 432 226 
433 456 223 441 450 217 435 463 217 
433 456 223 435 463 217 427 468 220 
428 509 209 423 499 212 431 493 209 
428 509 209 431 493 209 436 500 206 
419 518 212 415 503 214 423 499 212 
419 518 212 423 499 212 428 509 209 
409 522 214 408 506 216 415 503 214 
409 522 214 415 503 214 419 518 212 
399 522 214 399 506 217 408 506 216 
399 522 214 408 506 216 409 522 214 
420 681 105 420 697 126 443 692 125 
420 681 105 443 692 125 444 676 105 
447 689 170 446 698 147 421 702 149 
447 689 170 421 702 149 423 694 172 
446 668 189 472 659 184 474 679 165 
446 668 189 474 679 165 447 689 170 
521 547 87 530 548 104 529 504 104 
521 547 87 529 504 104 520 506 87 
468 331 206 463 324 209 467 312 205 
468 331 206 467 312 205 474 323 202 
423 337 227 417 350 225 398 350 226 
423 337 227 398 350 226 398 337 228 
499 497 191 500 497 192 501 498 191 
499 497 191 501 498 191 502 500 189 
457 243 143 462 270 145 432 246 156 
457 243 143 432 246 156 429 224 152 
502 317 116 497 286 118 499 305 104 
502 317 116 499 305 104 500 330 102 
451 344 80 454 327 80 424 328 78 
451 344 80 424 328 78 422 346 77 
488 302 132 484 266 133 497 286 118 
488 302 132 497 286 118 502 317 116 
488 302 132 491 313 141 466 286 156 
488 302 132 466 286 156 462 270 145 
422 346 77 424 328 78 400 327 78 
422 346 77 400 327 78 400 346 77 
468 667 105 474 648 93 448 653 89 
468 667 105 448 653 89 444 676 105 
479 385 86 481 361 88 450 364 79 
479 385 86 450 364 79 450 386 77 
426 622 74 455 620 76 462 582 67 
426 622 74 462 582 67 429 581 64 
451 406 73 456 429 67 486 434 78 
451 406 73 486 434 78 480 409 83 
450 386 77 451 406 73 480 409 83 
450 386 77 480 409 83 479 385 86 
498 503 71 493 464 73 460 460 63 
498 503 71 460 460 63 465 500 61 
498 544 72 465 542 63 462 582 67 
498 544 72 462 582 67 494 585 75 
450 364 79 451 344 80 422 346 77 
450 364 79 422 346 77 422 366 76 
465 542 63 465 500 61 430 497 58 
465 542 63 430 497 58 431 539 59 
454 327 80 451 344 80 487 342 88 
454 327 80 487 342 88 494 325 89 
499 445 198 513 432 194 519 446 189 
499 445 198 519 446 189 507 458 193 
531 469 173 531 488 172 526 490 178 
531 469 173 526 490 178 524 475 180 
524 570 168 527 581 153 516 617 164 
524 570 168 516 617 164 514 600 179 
524 570 168 530 539 159 533 543 146 
524 570 168 533 543 146 527 581 153 
503 626 96 487 652 102 491 661 117 
503 626 96 491 661 117 511 632 111 
485 620 83 455 620 76 448 653 89 
485 620 83 448 653 89 474 648 93 
480 444 204 494 431 202 499 445 198 
480 444 204 499 445 198 484 457 202 
468 418 209 459 406 210 466 394 209 
468 418 209 466 394 209 476 406 208 
494 431 202 485 419 206 495 405 204 
494 431 202 495 405 204 505 417 200 
476 406 208 484 393 207 495 405 204 
476 406 208 495 405 204 485 419 206 
466 394 209 456 379 214 464 370 212 
466 394 209 464 370 212 473 382 209 
449 372 218 458 363 214 464 370 212 
449 372 218 464 370 212 456 379 214 
408 406 220 407 413 223 399 413 222 
408 406 220 399 413 222 400 404 220 
449 420 218 441 414 216 452 423 211 
449 420 218 452 423 211 454 431 213 
535 448 120 544 452 123 541 448 127 
535 448 120 541 448 127 529 437 122 
543 474 128 541 448 127 544 452 123 
543 474 128 544 452 123 548 469 125 
545 493 121 543 474 128 548 469 125 
545 493 121 548 469 125 552 488 120 
547 495 111 545 493 121 552 488 120 
547 495 111 552 488 120 553 491 112 
544 485 105 547 495 111 553 491 112 
544 485 105 553 491 112 552 482 106 
542 464 101 544 485 105 552 482 106 
542 464 101 552 482 106 551 464 104 
537 434 102 542 464 101 551 464 104 
537 434 102 551 464 104 546 436 104 
537 398 115 534 411 108 542 413 110 
537 398 115 542 413 110 542 402 117 
536 387 123 537 398 115 542 402 117 
536 387 123 542 402 117 544 392 124 
545 484 119 552 488 120 548 469 125 
545 484 119 548 469 125 540 470 122 
546 486 113 553 491 112 552 488 120 
546 486 113 552 488 120 545 484 119 
546 480 108 552 482 106 553 491 112 
546 480 108 553 491 112 546 486 113 
545 466 106 551 464 104 552 482 106 
545 466 106 552 482 106 546 480 108 
551 464 104 545 466 106 541 438 105 
551 464 104 541 438 105 546 436 104 
542 413 110 540 415 112 542 407 119 
542 413 110 542 407 119 542 402 117 
544 404 125 544 392 124 542 402 117 
544 404 125 542 402 117 542 407 119 
540 408 130 538 394 130 544 392 124 
540 408 130 544 392 124 544 404 125 
534 424 119 529 437 122 531 425 124 
534 424 119 531 425 124 531 417 123 
539 455 132 541 448 127 543 474 128 
539 455 132 543 474 128 538 480 130 
543 474 128 545 493 121 536 494 121 
543 474 128 536 494 121 538 480 130 
534 489 110 536 494 121 545 493 121 
534 489 110 545 493 121 547 495 111 
528 465 104 534 489 110 544 485 105 
528 465 104 544 485 105 542 464 101 
528 465 104 542 464 101 537 434 102 
528 465 104 537 434 102 523 437 104 
534 411 108 537 398 115 523 398 116 
534 411 108 523 398 116 521 413 109 
536 387 123 526 391 124 523 398 116 
536 387 123 523 398 116 537 398 115 
536 387 123 538 394 130 530 396 131 
536 387 123 530 396 131 526 391 124 
540 408 130 535 410 133 530 396 131 
540 408 130 530 396 131 538 394 130 
548 469 125 544 452 123 535 448 120 
548 469 125 535 448 120 540 470 122 
534 424 119 542 417 120 539 424 115 
534 424 119 539 424 115 538 437 116 
534 424 119 531 417 123 540 413 125 
534 424 119 540 413 125 542 417 120 
540 413 125 531 417 123 531 425 124 
540 413 125 531 425 124 544 423 128 
531 425 124 529 437 122 541 448 127 
531 425 124 541 448 127 544 423 128 
546 486 113 546 464 114 545 466 106 
546 486 113 545 466 106 546 480 108 
546 464 114 544 437 109 541 438 105 
546 464 114 541 438 105 545 466 106 
540 415 112 542 413 110 546 436 104 
540 415 112 546 436 104 541 438 105 
546 436 104 542 413 110 534 411 108 
546 436 104 534 411 108 537 434 102 
521 413 109 523 437 104 537 434 102 
521 413 109 537 434 102 534 411 108 
546 464 114 546 486 113 545 484 119 
546 464 114 545 484 119 540 470 122 
539 424 115 540 415 112 541 438 105 
539 424 115 541 438 105 544 437 109 
529 437 122 534 424 119 538 437 116 
529 437 122 538 437 116 535 448 120 
540 408 130 544 404 125 540 413 125 
540 408 130 540 413 125 544 423 128 
539 424 115 542 417 120 542 407 119 
539 424 115 542 407 119 540 415 112 
541 448 127 539 455 132 538 430 133 
541 448 127 538 430 133 544 423 128 
538 430 133 535 410 133 540 408 130 
538 430 133 540 408 130 544 423 128 
515 438 101 523 437 104 521 413 109 
515 438 101 521 413 109 514 407 107 
515 438 101 521 469 100 528 465 104 
515 438 101 528 465 104 523 437 104 
523 398 116 515 374 119 511 377 110 
523 398 116 511 377 110 514 407 107 
523 398 116 526 391 124 517 372 125 
523 398 116 517 372 125 515 374 119 
521 469 100 529 504 104 534 489 110 
521 469 100 534 489 110 528 465 104 
514 469 89 520 506 87 529 504 104 
514 469 89 529 504 104 521 469 100 
499 382 98 500 410 95 514 407 107 
499 382 98 514 407 107 511 377 110 
500 410 95 506 439 92 515 438 101 
500 410 95 515 438 101 514 407 107 
539 455 132 540 463 138 538 434 139 
539 455 132 538 434 139 538 430 133 
535 410 133 533 399 139 526 378 131 
535 410 133 526 378 131 530 396 131 
540 413 125 544 404 125 542 407 119 
540 413 125 542 407 119 542 417 120 
537 500 133 538 480 130 536 494 121 
537 500 133 536 494 121 534 513 120 
530 396 131 526 378 131 517 372 125 
530 396 131 517 372 125 526 391 124 
399 260 182 399 263 171 429 269 170 
399 260 182 429 269 170 424 265 182 
428 509 209 436 500 206 444 512 206 
428 509 209 444 512 206 440 522 209 
526 490 178 518 491 183 518 481 185 
526 490 178 518 481 185 524 475 180 
540 463 138 540 471 146 541 441 147 
540 463 138 541 441 147 538 434 139 
531 488 172 531 469 173 535 461 165 
531 488 172 535 461 165 535 484 164 
538 478 155 539 451 157 541 441 147 
538 478 155 541 441 147 540 471 146 
518 491 183 512 494 187 509 487 189 
518 491 183 509 487 189 518 481 185 
533 399 139 535 410 133 538 430 133 
533 399 139 538 430 133 538 434 139 
421 431 231 413 423 228 416 427 226 
421 431 231 416 427 226 421 428 227 
458 363 214 462 356 211 470 361 210 
458 363 214 470 361 210 464 370 212 
474 352 208 470 361 210 462 356 211 
474 352 208 462 356 211 465 350 208 
472 338 205 473 344 206 466 346 207 
472 338 205 466 346 207 465 342 206 
499 445 198 507 458 193 488 470 199 
499 445 198 488 470 199 484 457 202 
488 302 132 462 270 145 457 243 143 
488 302 132 457 243 143 484 266 133 
493 464 73 498 503 71 520 506 87 
493 464 73 520 506 87 514 469 89 
400 458 58 428 459 59 426 429 63 
400 458 58 426 429 63 400 429 62 
428 459 59 430 497 58 465 500 61 
428 459 59 465 500 61 460 460 63 
493 464 73 486 434 78 456 429 67 
493 464 73 456 429 67 460 460 63 
515 438 101 506 439 92 514 469 89 
515 438 101 514 469 89 521 469 100 
539 455 132 538 480 130 537 500 133 
539 455 132 537 500 133 540 463 138 
446 698 147 472 687 143 468 680 122 
446 698 147 468 680 122 443 692 125 
515 633 128 527 591 122 525 591 106 
515 633 128 525 591 106 511 632 111 
495 666 136 515 633 128 511 632 111 
495 666 136 511 632 111 491 661 117 
400 704 150 421 702 149 420 697 126 
400 704 150 420 697 126 400 699 126 
529 504 104 534 513 120 536 494 121 
529 504 104 536 494 121 534 489 110 
432 541 214 412 543 215 409 522 214 
432 541 214 409 522 214 419 518 212 
399 543 215 399 522 214 409 522 214 
399 543 215 409 522 214 412 543 215 
412 353 210 427 350 208 431 333 201 
412 353 210 431 333 201 400 338 205 
450 338 197 431 333 201 438 347 204 
450 338 197 438 347 204 448 347 201 
456 349 196 450 338 197 448 347 201 
456 349 196 448 347 201 454 349 199 
458 354 198 456 349 196 454 349 199 
458 354 198 454 349 199 457 351 199 
446 374 199 424 404 182 443 360 179 
446 374 199 443 360 179 453 359 191 
456 361 198 453 359 191 456 349 196 
456 361 198 456 349 196 458 354 198 
450 338 197 450 342 188 425 325 181 
450 338 197 425 325 181 431 333 201 
501 499 192 499 503 195 499 512 195 
501 499 192 499 512 195 503 504 190 
483 518 202 499 512 195 499 503 195 
483 518 202 499 503 195 484 511 203 
445 495 195 441 500 194 442 497 198 
445 495 195 442 497 198 443 495 198 
445 495 195 443 495 198 450 494 200 
445 495 195 450 494 200 455 490 197 
496 494 194 492 495 189 475 489 195 
496 494 194 475 489 195 487 491 199 
467 517 203 467 512 205 451 507 202 
467 517 203 451 507 202 450 511 200 
477 493 202 489 494 200 487 491 199 
477 493 202 487 491 199 475 491 201 
477 493 202 475 491 201 461 492 202 
477 493 202 461 492 202 463 494 203 
492 495 189 499 497 191 502 500 189 
492 495 189 502 500 189 496 505 188 
496 496 195 500 497 192 499 497 191 
496 496 195 499 497 191 496 494 194 
496 505 188 503 504 190 499 512 195 
496 505 188 499 512 195 488 517 192 
488 517 192 499 512 195 483 518 202 
488 517 192 483 518 202 471 521 197 
443 500 199 442 505 198 450 511 200 
443 500 199 450 511 200 451 507 202 
450 511 200 451 514 196 471 521 197 
450 511 200 471 521 197 467 517 203 
461 492 202 475 491 201 475 489 195 
461 492 202 475 489 195 455 490 197 
442 505 198 444 506 195 451 514 196 
442 505 198 451 514 196 450 511 200 
442 501 198 442 497 198 441 500 194 
442 501 198 441 500 194 444 506 195 
486 305 183 468 285 190 460 275 185 
486 305 183 460 275 185 474 286 174 
423 264 204 424 279 213 399 280 214 
423 264 204 399 280 214 399 268 204 
399 263 171 399 248 168 433 262 162 
399 263 171 433 262 162 429 269 170 
474 286 174 460 275 185 443 270 182 
474 286 174 443 270 182 453 278 170 
507 341 131 517 372 125 526 378 131 
507 341 131 526 378 131 519 344 137 
539 424 115 544 437 109 546 464 114 
539 424 115 546 464 114 538 437 116 
437 427 220 429 430 223 417 432 221 
437 427 220 417 432 221 429 430 216 
436 421 219 440 422 219 437 427 220 
436 421 219 437 427 220 429 430 216 
427 382 203 400 380 205 400 406 182 
427 382 203 400 406 182 424 404 182 
431 333 201 425 325 181 400 329 182 
431 333 201 400 329 182 400 338 205 
425 325 181 417 366 165 400 367 165 
425 325 181 400 367 165 400 329 182 
424 404 182 400 406 182 400 367 165 
424 404 182 400 367 165 417 366 165 
511 299 89 521 288 87 475 279 75 
511 299 89 475 279 75 466 295 77 
423 164 151 455 173 148 453 211 144 
423 164 151 453 211 144 425 196 151 
501 281 105 499 254 120 510 216 122 
501 281 105 510 216 122 507 257 105 
531 210 115 527 246 103 507 257 105 
531 210 115 507 257 105 510 216 122 
423 127 155 431 103 162 464 117 161 
423 127 155 464 117 161 455 138 154 
521 288 87 527 246 103 555 236 101 
521 288 87 555 236 101 538 270 84 
516 172 133 536 152 140 555 170 126 
516 172 133 555 170 126 534 182 124 
455 138 154 464 117 161 502 132 152 
455 138 154 502 132 152 485 148 142 
502 132 152 536 152 140 516 172 133 
502 132 152 516 172 133 485 148 142 
490 261 70 441 247 67 433 272 72 
490 261 70 433 272 72 475 279 75 
433 272 72 399 273 72 400 294 76 
433 272 72 400 294 76 429 293 76 
399 247 67 399 273 72 433 272 72 
399 247 67 433 272 72 441 247 67 
521 288 87 538 270 84 490 261 70 
521 288 87 490 261 70 475 279 75 
507 257 105 527 246 103 521 288 87 
507 257 105 521 288 87 511 299 89 
510 216 122 516 172 133 534 182 124 
510 216 122 534 182 124 531 210 115 
555 170 126 557 198 113 531 210 115 
555 170 126 531 210 115 534 182 124 
555 236 101 527 246 103 531 210 115 
555 236 101 531 210 115 557 198 113 
459 312 80 426 311 78 424 328 78 
459 312 80 424 328 78 454 327 80 
484 189 137 510 216 122 499 254 120 
484 189 137 499 254 120 485 230 136 
484 189 137 485 230 136 453 211 144 
484 189 137 453 211 144 455 173 148 
400 310 78 400 327 78 424 328 78 
400 310 78 424 328 78 426 311 78 
423 164 151 423 127 155 455 138 154 
423 164 151 455 138 154 455 173 148 
485 148 142 516 172 133 510 216 122 
485 148 142 510 216 122 484 189 137 
484 189 137 455 173 148 455 138 154 
484 189 137 455 138 154 485 148 142 
400 120 151 423 127 155 423 164 151 
400 120 151 423 164 151 400 162 151 
501 281 105 507 257 105 511 299 89 
501 281 105 511 299 89 502 312 89 
431 103 162 423 127 155 400 120 151 
431 103 162 400 120 151 399 94 159 
501 281 105 502 312 89 494 325 89 
501 281 105 494 325 89 499 305 104 
400 190 155 425 196 151 429 224 152 
400 190 155 429 224 152 399 210 160 
475 279 75 433 272 72 429 293 76 
475 279 75 429 293 76 466 295 77 
502 312 89 459 312 80 454 327 80 
502 312 89 454 327 80 494 325 89 
425 196 151 453 211 144 457 243 143 
425 196 151 457 243 143 429 224 152 
499 305 104 497 286 118 499 254 120 
499 305 104 499 254 120 501 281 105 
466 295 77 429 293 76 426 311 78 
466 295 77 426 311 78 459 312 80 
485 230 136 499 254 120 497 286 118 
485 230 136 497 286 118 484 266 133 
453 211 144 485 230 136 484 266 133 
453 211 144 484 266 133 457 243 143 
400 294 76 400 310 78 426 311 78 
400 294 76 426 311 78 429 293 76 
400 162 151 423 164 151 425 196 151 
400 162 151 425 196 151 400 190 155 
511 299 89 466 295 77 459 312 80 
511 299 89 459 312 80 502 312 89 
399 217 61 399 247 67 441 247 67 
399 217 61 441 247 67 449 221 60 
560 250 80 538 270 84 555 236 101 
560 250 80 555 236 101 583 224 98 
538 270 84 560 250 80 507 236 66 
538 270 84 507 236 66 490 261 70 
481 88 166 464 117 161 431 103 162 
481 88 166 431 103 162 439 74 171 
560 135 144 536 152 140 502 132 152 
560 135 144 502 132 152 523 111 157 
555 236 101 557 198 113 589 191 114 
555 236 101 589 191 114 583 224 98 
584 162 130 555 170 126 536 152 140 
584 162 130 536 152 140 560 135 144 
507 236 66 449 221 60 441 247 67 
507 236 66 441 247 67 490 261 70 
439 74 171 431 103 162 399 94 159 
439 74 171 399 94 159 400 68 167 
464 117 161 481 88 166 523 111 157 
464 117 161 523 111 157 502 132 152 
584 162 130 589 191 114 557 198 113 
584 162 130 557 198 113 555 170 126 
499 503 195 500 503 196 485 512 203 
499 503 195 485 512 203 484 511 203 
457 348 206 461 345 207 461 347 207 
457 348 206 461 347 207 458 348 206 
501 499 192 501 498 191 502 497 191 
501 499 192 502 497 191 502 498 192 
456 349 196 453 359 191 450 342 188 
456 349 196 450 342 188 450 338 197 
499 503 195 501 499 192 502 498 192 
499 503 195 502 498 192 500 503 196 
455 350 204 457 348 206 458 348 206 
455 350 204 458 348 206 457 350 203 
452 351 206 455 351 204 457 349 207 
452 351 206 457 349 207 455 351 209 
352 347 201 345 349 199 347 351 202 
352 347 201 347 351 202 353 352 203 
373 382 203 400 380 205 388 364 214 
373 382 203 388 364 214 374 363 213 
386 353 210 373 350 208 373 357 211 
386 353 210 373 357 211 385 359 213 
361 347 204 361 354 206 373 357 211 
361 347 204 373 357 211 373 350 208 
361 347 204 352 347 201 353 352 203 
361 347 204 353 352 203 361 354 206 
344 355 201 342 353 201 342 354 198 
344 355 201 342 354 198 344 361 198 
342 351 199 344 351 201 347 351 202 
342 351 199 347 351 202 345 349 199 
342 354 198 342 353 201 344 351 201 
342 354 198 344 351 201 342 351 199 
344 355 201 344 361 198 353 374 199 
344 355 201 353 374 199 348 357 203 
386 353 210 385 359 213 399 359 214 
386 353 210 399 359 214 399 354 211 
373 382 203 363 361 211 354 358 206 
373 382 203 354 358 206 353 374 199 
325 286 174 314 305 183 298 320 168 
325 286 174 298 320 168 310 301 161 
287 402 194 284 385 188 296 373 195 
287 402 194 296 373 195 298 390 200 
318 361 88 300 355 101 301 382 98 
318 361 88 301 382 98 321 385 86 
262 505 144 262 500 133 259 463 138 
262 505 144 259 463 138 259 471 146 
334 286 156 338 270 146 367 246 156 
334 286 156 367 246 156 366 262 162 
339 274 185 347 269 191 344 275 197 
339 274 185 344 275 197 331 285 191 
366 262 162 370 269 170 347 278 170 
366 262 162 347 278 170 334 286 156 
334 286 156 347 278 170 325 286 174 
334 286 156 325 286 174 310 301 161 
272 591 122 266 549 119 265 547 133 
272 591 122 265 547 133 271 588 138 
272 530 178 280 549 186 279 559 179 
272 530 178 279 559 179 269 535 171 
293 513 196 290 520 196 285 510 191 
293 513 196 285 510 191 288 506 191 
282 539 191 280 549 186 272 530 178 
282 539 191 272 530 178 276 524 184 
296 509 195 292 503 191 296 498 192 
296 509 195 296 498 192 299 503 196 
273 581 153 271 588 138 265 547 133 
273 581 153 265 547 133 267 543 146 
282 539 191 276 524 184 279 517 189 
282 539 191 279 517 189 286 528 194 
311 594 197 312 572 203 337 574 210 
311 594 197 337 574 210 335 602 206 
337 574 210 312 572 203 314 554 206 
337 574 210 314 554 206 339 550 212 
311 594 197 335 602 206 330 634 199 
311 594 197 330 634 199 305 621 190 
331 517 206 332 513 206 347 508 204 
331 517 206 347 508 204 347 513 205 
348 507 202 347 508 204 332 513 206 
348 507 202 332 513 206 332 512 205 
339 550 212 314 554 206 320 538 207 
339 550 212 320 538 207 341 532 209 
325 526 207 329 520 207 345 516 206 
325 526 207 345 516 206 342 521 207 
381 433 221 383 427 226 377 428 227 
381 433 221 377 428 227 369 431 223 
260 451 157 258 441 147 263 411 150 
260 451 157 263 411 150 262 425 160 
288 364 181 277 382 172 278 358 165 
288 364 181 278 358 165 294 341 175 
333 349 209 325 352 208 325 344 206 
333 349 209 325 344 206 333 345 207 
277 382 172 270 402 165 270 380 156 
277 382 172 270 380 156 278 358 165 
296 373 195 306 364 201 309 380 204 
296 373 195 309 380 204 298 390 200 
342 353 201 344 355 201 344 351 204 
342 353 201 344 351 204 342 350 203 
347 351 206 344 351 204 344 355 201 
347 351 206 344 355 201 348 357 203 
336 355 211 333 349 209 338 349 208 
336 355 211 338 349 208 341 353 210 
316 357 205 316 345 203 325 344 206 
316 357 205 325 344 206 325 352 208 
282 481 185 274 475 179 276 461 183 
282 481 185 276 461 183 286 470 189 
286 431 194 277 417 189 287 402 194 
286 431 194 287 402 194 294 417 200 
287 402 194 277 417 189 274 401 181 
287 402 194 274 401 181 284 385 188 
339 335 211 346 330 215 348 342 215 
339 335 211 348 342 215 342 343 210 
326 382 209 320 370 207 328 361 210 
326 382 209 328 361 210 334 370 212 
330 331 206 327 338 205 319 334 202 
330 331 206 319 334 202 325 323 202 
325 352 208 328 361 210 320 370 207 
325 352 208 320 370 207 316 357 205 
348 342 215 352 351 213 346 349 209 
348 342 215 346 349 209 342 343 210 
355 455 214 350 443 212 358 450 217 
355 455 214 358 450 217 364 463 217 
367 480 214 364 463 217 372 469 220 
367 480 214 372 469 220 375 486 217 
359 483 208 357 470 213 367 480 214 
359 483 208 367 480 214 368 493 209 
321 385 86 301 382 98 299 410 95 
321 385 86 299 410 95 320 409 83 
313 330 195 306 330 186 314 305 183 
313 330 195 314 305 183 321 314 195 
294 341 175 278 358 165 282 336 156 
294 341 175 282 336 156 298 320 168 
270 380 156 263 411 150 266 399 139 
270 380 156 266 399 139 270 360 146 
261 434 139 266 399 139 263 411 150 
261 434 139 263 411 150 258 441 147 
353 668 189 377 672 191 377 694 172 
353 668 189 377 694 172 352 690 170 
302 644 175 301 661 157 282 629 147 
302 644 175 282 629 147 283 617 164 
272 591 122 271 588 138 282 629 147 
272 591 122 282 629 147 285 633 129 
337 574 210 363 574 214 360 606 210 
337 574 210 360 606 210 335 602 206 
368 493 209 363 500 206 360 489 204 
368 493 209 360 489 204 359 483 208 
383 489 220 375 486 217 372 469 220 
383 489 220 372 469 220 380 472 224 
360 606 210 381 606 211 378 642 205 
360 606 210 378 642 205 355 640 204 
400 570 215 383 571 215 386 543 215 
400 570 215 386 543 215 399 543 215 
400 606 212 381 606 211 383 571 215 
400 606 212 383 571 215 400 570 215 
293 564 194 294 551 198 314 554 206 
293 564 194 314 554 206 312 572 203 
280 549 186 282 539 191 294 551 198 
280 549 186 294 551 198 293 564 194 
333 475 202 332 464 204 347 470 207 
333 475 202 347 470 207 349 480 203 
358 415 216 357 404 216 374 397 222 
358 415 216 374 397 222 377 416 218 
347 423 211 346 416 210 357 404 216 
347 423 211 357 404 216 358 415 216 
388 386 227 389 394 223 374 397 222 
388 386 227 374 397 222 365 382 223 
345 460 210 333 453 207 335 440 210 
345 460 210 335 440 210 345 448 212 
388 386 227 399 383 226 399 392 223 
388 386 227 399 392 223 389 394 223 
339 427 210 346 416 210 347 423 211 
339 427 210 347 423 211 346 435 210 
335 440 210 339 427 210 346 435 210 
335 440 210 346 435 210 345 448 212 
357 494 202 358 498 202 358 497 201 
357 494 202 358 497 201 357 495 200 
377 672 191 353 668 189 355 640 204 
377 672 191 355 640 204 378 642 205 
326 680 165 352 690 170 354 698 147 
326 680 165 354 698 147 328 686 143 
356 676 105 332 667 105 331 680 122 
356 676 105 331 680 122 356 692 125 
356 692 125 354 698 147 378 703 149 
356 692 125 378 703 149 379 697 126 
367 541 214 363 574 214 337 574 210 
367 541 214 337 574 210 339 550 212 
363 574 214 367 541 214 386 543 215 
363 574 214 386 543 215 383 571 215 
341 532 209 342 521 207 355 512 206 
341 532 209 355 512 206 359 522 209 
341 353 210 344 358 215 340 363 215 
341 353 210 340 363 215 336 355 211 
360 445 226 363 433 226 377 432 231 
360 445 226 377 432 231 373 446 232 
370 430 216 377 416 218 386 421 222 
370 430 216 386 421 222 381 433 221 
366 375 225 365 361 224 385 364 228 
366 375 225 385 364 228 387 380 230 
365 361 224 368 354 219 385 356 222 
365 361 224 385 356 222 385 364 228 
368 354 219 374 363 213 388 364 214 
368 354 219 388 364 214 385 356 222 
374 397 222 389 394 223 391 406 220 
374 397 222 391 406 220 377 416 218 
385 364 228 399 363 228 399 377 230 
385 364 228 399 377 230 387 380 230 
399 363 214 399 356 221 385 356 222 
399 363 214 385 356 222 388 364 214 
377 432 231 388 433 236 385 448 236 
377 432 231 385 448 236 373 446 232 
374 458 229 385 460 232 389 475 227 
374 458 229 389 475 227 380 472 224 
383 489 220 380 472 224 389 475 227 
383 489 220 389 475 227 391 492 222 
383 489 220 391 492 222 391 506 217 
383 489 220 391 506 217 383 503 215 
399 431 238 399 448 238 385 448 236 
399 431 238 385 448 236 388 433 236 
399 448 238 399 461 234 385 460 232 
399 448 238 385 460 232 385 448 236 
273 581 153 283 617 164 282 629 147 
273 581 153 282 629 147 271 588 138 
278 504 185 273 507 180 272 490 178 
278 504 185 272 490 178 279 492 183 
273 507 180 278 504 185 279 517 189 
273 507 180 279 517 189 276 524 184 
269 539 159 267 543 146 262 505 144 
269 539 159 262 505 144 263 508 155 
272 490 178 273 507 180 268 509 174 
272 490 178 268 509 174 267 488 172 
288 501 189 284 502 187 286 494 187 
288 501 189 286 494 187 290 496 190 
259 471 146 261 478 155 263 508 155 
259 471 146 263 508 155 262 505 144 
263 508 155 261 478 155 264 484 164 
263 508 155 264 484 164 264 509 166 
399 248 168 366 262 162 367 246 156 
399 248 168 367 246 156 399 228 164 
330 299 199 344 290 204 345 303 208 
330 299 199 345 303 208 332 312 205 
362 313 215 359 299 212 375 300 216 
362 313 215 375 300 216 379 315 217 
342 348 206 343 348 207 346 350 205 
342 348 206 346 350 205 344 350 204 
344 351 204 341 349 207 341 348 206 
344 351 204 341 348 206 342 350 203 
352 351 213 362 351 219 370 356 214 
352 351 213 370 356 214 359 353 210 
304 405 204 294 417 200 287 402 194 
304 405 204 287 402 194 298 390 200 
306 431 203 300 445 198 286 431 194 
306 431 203 286 431 194 294 417 200 
331 418 209 339 427 210 335 440 210 
331 418 209 335 440 210 324 431 208 
309 380 204 320 370 207 326 382 209 
309 380 204 326 382 209 315 393 207 
280 446 189 293 458 194 286 470 189 
280 446 189 286 470 189 276 461 183 
289 487 189 282 481 185 286 470 189 
289 487 189 286 470 189 296 479 193 
280 344 137 292 341 131 309 312 141 
280 344 137 309 312 141 293 320 148 
272 530 178 268 509 174 273 507 180 
272 530 178 273 507 180 276 524 184 
268 469 173 268 450 177 276 461 183 
268 469 173 276 461 183 274 475 179 
278 504 185 279 492 183 286 494 187 
278 504 185 286 494 187 284 502 187 
400 538 58 368 539 59 370 581 64 
400 538 58 370 581 64 400 580 63 
353 668 189 327 659 184 330 634 199 
353 668 189 330 634 199 355 640 204 
326 680 165 301 661 157 302 644 175 
326 680 165 302 644 175 327 659 184 
352 351 213 359 353 210 351 351 206 
352 351 213 351 351 206 346 349 209 
347 351 206 348 357 203 354 358 206 
347 351 206 354 358 206 351 351 209 
375 264 204 374 279 214 357 283 209 
375 264 204 357 283 209 357 268 202 
310 301 161 298 320 168 282 336 156 
310 301 161 282 336 156 293 320 148 
299 352 190 296 373 195 284 385 188 
299 352 190 284 385 188 288 364 181 
266 418 175 274 401 181 277 417 189 
266 418 175 277 417 189 271 433 183 
379 697 126 400 699 126 400 682 105 
379 697 126 400 682 105 379 681 105 
377 657 88 352 652 89 356 676 105 
377 657 88 356 676 105 379 681 105 
349 495 202 349 497 201 336 494 203 
349 495 202 336 494 203 336 493 204 
334 482 203 333 475 202 349 480 203 
334 482 203 349 480 203 349 486 203 
278 358 165 270 380 156 270 360 146 
278 358 165 270 360 146 282 336 156 
305 621 190 285 600 179 291 580 189 
305 621 190 291 580 189 311 594 197 
325 526 207 305 525 203 309 519 203 
325 526 207 309 519 203 329 520 207 
359 499 204 359 491 203 360 489 204 
359 499 204 360 489 204 363 500 206 
347 513 205 347 508 204 355 501 202 
347 513 205 355 501 202 355 505 204 
349 495 202 336 493 204 335 488 204 
349 495 202 335 488 204 350 491 203 
349 497 201 349 495 202 357 495 200 
349 497 201 357 495 200 356 497 199 
347 423 211 344 430 213 350 443 212 
347 423 211 350 443 212 346 435 210 
346 330 215 346 316 212 362 313 215 
346 330 215 362 313 215 358 326 218 
344 290 204 330 299 199 331 285 191 
344 290 204 331 285 191 344 275 197 
306 330 186 313 330 195 308 348 197 
306 330 186 308 348 197 299 352 190 
323 406 208 315 393 207 326 382 209 
323 406 208 326 382 209 333 394 210 
315 393 207 304 405 204 298 390 200 
315 393 207 298 390 200 309 380 204 
334 342 206 336 338 208 340 344 208 
334 342 206 340 344 208 338 345 207 
344 351 201 344 350 204 346 350 205 
344 351 201 346 350 205 347 351 202 
344 350 204 344 351 201 342 353 201 
344 350 204 342 353 201 342 350 203 
344 358 215 341 353 210 344 351 209 
344 358 215 344 351 209 348 352 212 
334 286 156 310 301 161 293 320 148 
334 286 156 293 320 148 309 312 141 
270 360 146 266 399 139 274 378 131 
270 360 146 274 378 131 280 344 137 
385 423 228 391 420 231 388 433 236 
385 423 228 388 433 236 377 432 231 
385 460 232 399 461 234 399 476 228 
385 460 232 399 476 228 389 475 227 
350 386 77 377 387 73 378 366 76 
350 386 77 378 366 76 350 364 79 
314 511 203 332 512 205 332 513 206 
314 511 203 332 513 206 314 512 203 
332 513 206 331 517 206 311 517 203 
332 513 206 311 517 203 314 512 203 
355 501 202 347 508 204 348 507 202 
355 501 202 348 507 202 357 500 199 
321 314 195 325 323 202 319 334 202 
321 314 195 319 334 202 313 330 195 
346 316 212 346 330 215 339 335 211 
346 316 212 339 335 211 335 324 209 
355 455 214 345 448 212 346 435 210 
355 455 214 346 435 210 350 443 212 
269 535 171 269 539 159 263 508 155 
269 535 171 263 508 155 264 509 166 
391 492 222 389 475 227 399 476 228 
391 492 222 399 476 228 399 493 223 
391 506 217 391 492 222 399 493 223 
391 506 217 399 493 223 399 506 217 
347 351 206 351 351 209 348 352 212 
347 351 206 348 352 212 344 351 209 
357 340 220 348 342 215 346 330 215 
357 340 220 346 330 215 358 326 218 
372 337 227 357 340 220 358 326 218 
372 337 227 358 326 218 373 325 222 
372 469 220 366 456 223 374 458 229 
372 469 220 374 458 229 380 472 224 
379 315 217 373 325 222 358 326 218 
379 315 217 358 326 218 362 313 215 
362 426 220 352 427 222 349 420 218 
362 426 220 349 420 218 358 421 220 
349 439 219 358 450 217 350 443 212 
349 439 219 350 443 212 344 430 213 
366 456 223 358 450 217 349 439 219 
366 456 223 349 439 219 360 445 226 
374 458 229 366 456 223 360 445 226 
374 458 229 360 445 226 373 446 232 
314 554 206 294 551 198 300 537 201 
314 554 206 300 537 201 320 538 207 
333 345 207 334 342 206 338 345 207 
333 345 207 338 345 207 337 347 207 
357 340 220 362 351 219 352 351 213 
357 340 220 352 351 213 348 342 215 
384 357 218 378 350 225 398 350 226 
384 357 218 398 350 226 399 358 219 
378 350 225 362 351 219 357 340 220 
378 350 225 357 340 220 372 337 227 
361 354 206 353 352 203 351 351 206 
361 354 206 351 351 206 359 353 210 
361 354 206 359 353 210 370 356 214 
361 354 206 370 356 214 373 357 211 
373 357 211 370 356 214 384 357 218 
373 357 211 384 357 218 385 359 213 
392 412 223 386 421 222 377 416 218 
392 412 223 377 416 218 391 406 220 
391 420 231 392 412 223 399 413 222 
391 420 231 399 413 222 399 418 232 
383 427 226 381 433 221 386 421 222 
383 427 226 386 421 222 385 423 228 
374 458 229 373 446 232 385 448 236 
374 458 229 385 448 236 385 460 232 
342 348 206 338 345 207 340 344 208 
342 348 206 340 344 208 343 348 207 
335 488 204 336 493 204 320 492 203 
335 488 204 320 492 203 319 488 203 
296 497 191 296 498 192 292 503 191 
296 497 191 292 503 191 292 499 190 
297 496 192 299 497 192 297 498 191 
297 496 192 297 498 191 296 497 191 
376 264 193 399 264 193 399 268 204 
376 264 193 399 268 204 375 264 204 
357 268 202 344 275 197 347 269 191 
357 268 202 347 269 191 358 265 192 
315 620 83 305 585 75 284 589 90 
315 620 83 284 589 90 296 626 96 
315 620 83 296 626 96 313 652 102 
315 620 83 313 652 102 326 648 93 
284 589 90 275 591 106 288 632 111 
284 589 90 288 632 111 296 626 96 
332 667 105 313 652 102 308 661 117 
332 667 105 308 661 117 331 680 122 
375 265 182 356 270 182 347 278 170 
375 265 182 347 278 170 370 269 170 
339 274 185 356 270 182 358 265 192 
339 274 185 358 265 192 347 269 191 
355 512 206 342 521 207 345 516 206 
355 512 206 345 516 206 354 509 204 
377 657 88 374 622 74 344 620 76 
377 657 88 344 620 76 352 652 89 
344 620 76 337 582 67 305 585 75 
344 620 76 305 585 75 315 620 83 
344 429 67 374 429 63 376 406 69 
344 429 67 376 406 69 348 407 73 
348 407 73 376 406 69 377 387 73 
348 407 73 377 387 73 350 386 77 
299 410 95 293 439 92 313 434 78 
299 410 95 313 434 78 320 409 83 
313 434 78 293 439 92 285 469 89 
313 434 78 285 469 89 307 464 73 
400 496 57 400 458 58 371 459 59 
400 496 57 371 459 59 369 497 58 
293 320 148 282 336 156 270 360 146 
293 320 148 270 360 146 280 344 137 
349 480 203 360 489 204 359 491 203 
349 480 203 359 491 203 349 486 203 
347 470 207 345 460 210 357 470 213 
347 470 207 357 470 213 359 483 208 
279 506 87 278 547 87 301 544 72 
279 506 87 301 544 72 302 502 71 
284 589 90 278 547 87 269 548 104 
284 589 90 269 548 104 275 591 106 
266 549 119 272 591 122 275 591 106 
266 549 119 275 591 106 269 548 104 
265 547 133 262 500 133 262 505 144 
265 547 133 262 505 144 267 543 146 
284 502 187 288 501 189 288 506 191 
284 502 187 288 506 191 285 510 191 
286 528 194 300 537 201 294 551 198 
286 528 194 294 551 198 282 539 191 
328 686 143 331 680 122 308 661 117 
328 686 143 308 661 117 304 666 136 
301 661 157 304 666 136 285 633 129 
301 661 157 285 633 129 282 629 147 
328 686 143 304 666 136 301 661 157 
328 686 143 301 661 157 326 680 165 
280 549 186 293 564 194 291 580 189 
280 549 186 291 580 189 279 559 179 
284 502 187 285 510 191 279 517 189 
284 502 187 279 517 189 278 504 185 
375 265 182 399 260 182 399 264 193 
375 265 182 399 264 193 376 264 193 
357 283 209 359 299 212 345 303 208 
357 283 209 345 303 208 344 290 204 
300 355 101 292 347 113 288 377 110 
300 355 101 288 377 110 301 382 98 
333 475 202 334 482 203 317 482 201 
333 475 202 317 482 201 311 470 199 
290 520 196 293 513 196 309 519 203 
290 520 196 309 519 203 305 525 203 
338 349 208 341 349 207 344 351 209 
338 349 208 344 351 209 341 353 210 
337 347 207 341 348 206 341 349 207 
337 347 207 341 349 207 338 349 208 
351 366 220 354 356 218 365 361 224 
351 366 220 365 361 224 366 375 225 
399 383 226 388 386 227 387 380 230 
399 383 226 387 380 230 399 377 230 
365 361 224 354 356 218 357 352 214 
365 361 224 357 352 214 368 354 219 
357 352 214 363 361 211 374 363 213 
357 352 214 374 363 213 368 354 219 
399 363 228 385 364 228 385 356 222 
399 363 228 385 356 222 399 356 221 
400 704 150 378 703 149 377 694 172 
400 704 150 377 694 172 400 696 173 
335 440 210 333 453 207 319 444 205 
335 440 210 319 444 205 324 431 208 
309 493 200 308 493 200 320 492 203 
309 493 200 320 492 203 322 493 202 
296 509 195 299 503 196 314 512 203 
296 509 195 314 512 203 311 517 203 
357 494 202 357 495 200 349 495 202 
357 494 202 349 495 202 350 491 203 
358 497 201 358 497 199 356 497 199 
358 497 201 356 497 199 357 495 200 
357 283 209 344 290 204 344 275 197 
357 283 209 344 275 197 357 268 202 
357 283 209 374 279 214 375 300 216 
357 283 209 375 300 216 359 299 212 
297 499 191 297 498 191 296 500 189 
297 499 191 296 500 189 295 504 190 
349 497 201 356 497 199 357 495 198 
349 497 201 357 495 198 349 494 200 
349 494 200 338 492 202 336 494 203 
349 494 200 336 494 203 349 497 201 
309 493 200 311 491 199 303 494 194 
309 493 200 303 494 194 302 495 195 
314 511 203 315 518 202 332 517 203 
314 511 203 332 517 203 332 512 205 
297 496 192 296 497 191 292 499 190 
297 496 192 292 499 190 294 496 192 
290 496 190 294 496 192 292 499 190 
290 496 190 292 499 190 288 501 189 
288 506 191 292 503 191 296 509 195 
288 506 191 296 509 195 293 513 196 
311 517 203 331 517 206 329 520 207 
311 517 203 329 520 207 309 519 203 
358 498 202 357 494 202 359 491 203 
358 498 202 359 491 203 359 499 204 
332 312 205 325 323 202 321 314 195 
332 312 205 321 314 195 330 299 199 
358 265 192 376 264 193 375 264 204 
358 265 192 375 264 204 357 268 202 
314 305 183 306 330 186 294 341 175 
314 305 183 294 341 175 298 320 168 
347 351 202 346 350 205 351 351 206 
347 351 202 351 351 206 353 352 203 
334 342 206 327 338 205 330 331 206 
334 342 206 330 331 206 336 338 208 
387 380 230 388 386 227 365 382 223 
387 380 230 365 382 223 366 375 225 
366 375 225 365 382 223 349 372 218 
366 375 225 349 372 218 351 366 220 
332 464 204 333 453 207 345 460 210 
332 464 204 345 460 210 347 470 207 
324 431 208 319 444 205 306 431 203 
324 431 208 306 431 203 314 419 206 
367 480 214 357 470 213 355 455 214 
367 480 214 355 455 214 364 463 217 
383 503 215 376 499 212 375 486 217 
383 503 215 375 486 217 383 489 220 
355 455 214 357 470 213 345 460 210 
355 455 214 345 460 210 345 448 212 
367 541 214 339 550 212 341 532 209 
367 541 214 341 532 209 359 522 209 
325 526 207 342 521 207 341 532 209 
325 526 207 341 532 209 320 538 207 
293 564 194 312 572 203 311 594 197 
293 564 194 311 594 197 291 580 189 
354 509 204 355 505 204 358 498 202 
354 509 204 358 498 202 359 499 204 
358 497 201 358 498 202 355 505 204 
358 497 201 355 505 204 355 501 202 
355 501 202 357 500 199 358 497 199 
355 501 202 358 497 199 358 497 201 
269 535 171 279 559 179 275 570 168 
269 535 171 275 570 168 269 539 159 
305 325 89 300 305 104 300 330 102 
305 325 89 300 330 102 313 342 88 
370 224 152 399 210 160 399 228 164 
370 224 152 399 228 164 367 246 156 
294 341 123 284 374 119 288 377 110 
294 341 123 288 377 110 292 347 113 
339 335 211 342 343 210 340 344 208 
339 335 211 340 344 208 336 338 208 
294 341 123 311 302 132 309 312 141 
294 341 123 309 312 141 292 341 131 
294 341 123 292 341 131 282 372 125 
294 341 123 282 372 125 284 374 119 
344 429 67 339 460 63 371 459 59 
344 429 67 371 459 59 374 429 63 
400 388 73 377 387 73 376 406 69 
400 388 73 376 406 69 400 407 68 
400 407 68 376 406 69 374 429 63 
400 407 68 374 429 63 400 429 62 
370 581 64 374 622 74 400 622 73 
370 581 64 400 622 73 400 580 63 
400 658 88 400 622 73 374 622 74 
400 658 88 374 622 74 377 657 88 
377 387 73 400 388 73 400 366 75 
377 387 73 400 366 75 378 366 76 
334 542 62 337 582 67 370 581 64 
334 542 62 370 581 64 368 539 59 
400 658 88 377 657 88 379 681 105 
400 658 88 379 681 105 400 682 105 
311 302 132 294 341 123 292 347 113 
311 302 132 292 347 113 298 317 116 
292 347 113 300 355 101 300 330 102 
292 347 113 300 330 102 298 317 116 
313 342 88 300 330 102 300 355 101 
313 342 88 300 355 101 318 361 88 
318 361 88 350 364 79 348 344 80 
318 361 88 348 344 80 313 342 88 
378 366 76 400 366 75 400 346 77 
378 366 76 400 346 77 377 346 77 
278 547 87 284 589 90 305 585 75 
278 547 87 305 585 75 301 544 72 
400 538 58 400 496 57 369 497 58 
400 538 58 369 497 58 368 539 59 
301 544 72 334 542 62 334 500 61 
301 544 72 334 500 61 302 502 71 
266 513 120 266 549 119 269 548 104 
266 513 120 269 548 104 271 504 104 
335 602 206 360 606 210 355 640 204 
335 602 206 355 640 204 330 634 199 
400 642 206 378 642 205 381 606 211 
400 642 206 381 606 211 400 606 212 
381 606 211 360 606 210 363 574 214 
381 606 211 363 574 214 383 571 215 
400 696 173 377 694 172 377 672 191 
400 696 173 377 672 191 400 673 192 
378 642 205 400 642 206 400 673 192 
378 642 205 400 673 192 377 672 191 
276 461 183 268 450 177 271 433 183 
276 461 183 271 433 183 280 446 189 
268 450 177 264 438 169 266 418 175 
268 450 177 266 418 175 271 433 183 
262 425 160 270 402 165 266 418 175 
262 425 160 266 418 175 264 438 169 
331 285 191 330 299 199 321 314 195 
331 285 191 321 314 195 314 305 183 
339 335 211 336 338 208 330 331 206 
339 335 211 330 331 206 335 324 209 
342 343 210 346 349 209 343 348 207 
342 343 210 343 348 207 340 344 208 
346 349 209 351 351 206 346 350 205 
346 349 209 346 350 205 343 348 207 
295 491 193 290 496 190 286 494 187 
295 491 193 286 494 187 289 487 189 
294 496 192 298 493 195 301 495 195 
294 496 192 301 495 195 297 496 192 
297 496 192 301 495 195 302 495 195 
297 496 192 302 495 195 299 497 192 
298 493 195 294 496 192 290 496 190 
298 493 195 290 496 190 295 491 193 
302 644 175 283 617 164 285 600 179 
302 644 175 285 600 179 305 621 190 
327 659 184 302 644 175 305 621 190 
327 659 184 305 621 190 330 634 199 
279 559 179 291 580 189 285 600 179 
279 559 179 285 600 179 275 570 168 
290 520 196 286 528 194 279 517 189 
290 520 196 279 517 189 285 510 191 
290 520 196 305 525 203 300 537 201 
290 520 196 300 537 201 286 528 194 
305 525 203 325 526 207 320 538 207 
305 525 203 320 538 207 300 537 201 
316 357 205 320 370 207 309 380 204 
316 357 205 309 380 204 306 364 201 
345 303 208 359 299 212 362 313 215 
345 303 208 362 313 215 346 316 212 
345 303 208 346 316 212 335 324 209 
345 303 208 335 324 209 332 312 205 
308 348 197 313 330 195 319 334 202 
308 348 197 319 334 202 316 345 203 
351 391 216 357 404 216 346 416 210 
351 391 216 346 416 210 340 406 210 
370 430 216 362 421 219 358 415 216 
370 430 216 358 415 216 377 416 218 
349 420 218 352 427 222 349 439 219 
349 420 218 349 439 219 344 430 213 
349 420 218 358 415 216 362 421 219 
349 420 218 362 421 219 358 421 220 
379 518 212 367 541 214 359 522 209 
379 518 212 359 522 209 370 509 209 
280 446 189 271 433 183 277 417 189 
280 446 189 277 417 189 286 431 194 
356 270 182 375 265 182 376 264 193 
356 270 182 376 264 193 358 265 192 
385 359 213 384 357 218 399 358 219 
385 359 213 399 358 219 399 359 214 
384 357 218 370 356 214 362 351 219 
384 357 218 362 351 219 378 350 225 
373 325 222 379 315 217 399 316 217 
373 325 222 399 316 217 398 325 223 
398 337 228 372 337 227 373 325 222 
398 337 228 373 325 222 398 325 223 
375 300 216 399 302 218 399 316 217 
375 300 216 399 316 217 379 315 217 
375 300 216 374 279 214 399 280 214 
375 300 216 399 280 214 399 302 218 
296 479 193 286 470 189 293 458 194 
296 479 193 293 458 194 311 470 199 
311 470 199 317 482 201 303 486 197 
311 470 199 303 486 197 296 479 193 
320 492 203 308 493 200 306 490 199 
320 492 203 306 490 199 319 488 203 
320 492 203 336 493 204 336 494 203 
320 492 203 336 494 203 322 493 202 
311 470 199 316 456 201 332 464 204 
311 470 199 332 464 204 333 475 202 
332 464 204 316 456 201 319 444 205 
332 464 204 319 444 205 333 453 207 
399 418 232 399 431 238 388 433 236 
399 418 232 388 433 236 391 420 231 
385 423 228 386 421 222 392 412 223 
385 423 228 392 412 223 391 420 231 
359 483 208 360 489 204 349 480 203 
359 483 208 349 480 203 347 470 207 
311 517 203 309 519 203 293 513 196 
311 517 203 293 513 196 296 509 195 
319 488 203 317 482 201 334 482 203 
319 488 203 334 482 203 335 488 204 
288 506 191 288 501 189 292 499 190 
288 506 191 292 499 190 292 503 191 
350 491 203 349 486 203 359 491 203 
350 491 203 359 491 203 357 494 202 
345 516 206 347 513 205 355 505 204 
345 516 206 355 505 204 354 509 204 
345 516 206 329 520 207 331 517 206 
345 516 206 331 517 206 347 513 205 
349 486 203 350 491 203 335 488 204 
349 486 203 335 488 204 334 482 203 
298 493 195 306 490 199 308 493 200 
298 493 195 308 493 200 301 495 195 
306 490 199 303 486 197 317 482 201 
306 490 199 317 482 201 319 488 203 
301 495 195 308 493 200 309 493 200 
301 495 195 309 493 200 302 495 195 
359 499 204 363 500 206 355 512 206 
359 499 204 355 512 206 354 509 204 
368 493 209 367 480 214 375 486 217 
368 493 209 375 486 217 376 499 212 
362 426 220 369 431 223 363 433 226 
362 426 220 363 433 226 352 427 222 
352 427 222 363 433 226 360 445 226 
352 427 222 360 445 226 349 439 219 
264 509 166 268 509 174 272 530 178 
264 509 166 272 530 178 269 535 171 
267 488 172 268 509 174 264 509 166 
267 488 172 264 509 166 264 484 164 
263 461 165 264 438 169 268 450 177 
263 461 165 268 450 177 268 469 173 
288 364 181 284 385 188 274 401 181 
288 364 181 274 401 181 277 382 172 
274 401 181 266 418 175 270 402 165 
274 401 181 270 402 165 277 382 172 
294 341 175 306 330 186 299 352 190 
294 341 175 299 352 190 288 364 181 
296 373 195 299 352 190 308 348 197 
296 373 195 308 348 197 306 364 201 
263 411 150 270 380 156 270 402 165 
263 411 150 270 402 165 262 425 160 
316 345 203 316 357 205 306 364 201 
316 345 203 306 364 201 308 348 197 
319 334 202 327 338 205 325 344 206 
319 334 202 325 344 206 316 345 203 
337 347 207 338 349 208 333 349 209 
337 347 207 333 349 209 333 345 207 
264 484 164 261 478 155 260 451 157 
264 484 164 260 451 157 263 461 165 
262 500 133 265 547 133 266 549 119 
262 500 133 266 549 119 266 513 120 
289 487 189 296 479 193 303 486 197 
289 487 189 303 486 197 295 491 193 
295 491 193 303 486 197 306 490 199 
295 491 193 306 490 199 298 493 195 
262 425 160 264 438 169 263 461 165 
262 425 160 263 461 165 260 451 157 
391 406 220 389 394 223 399 392 223 
391 406 220 399 392 223 400 404 220 
324 431 208 314 419 206 323 406 208 
324 431 208 323 406 208 331 418 209 
340 406 210 346 416 210 339 427 210 
340 406 210 339 427 210 331 418 209 
351 391 216 340 406 210 333 394 210 
351 391 216 333 394 210 342 380 214 
342 380 214 349 372 218 365 382 223 
342 380 214 365 382 223 351 391 216 
357 404 216 351 391 216 365 382 223 
357 404 216 365 382 223 374 397 222 
351 366 220 344 358 215 348 352 212 
351 366 220 348 352 212 354 356 218 
354 356 218 348 352 212 351 351 209 
354 356 218 351 351 209 357 352 214 
351 351 209 354 358 206 363 361 211 
351 351 209 363 361 211 357 352 214 
351 366 220 349 372 218 340 363 215 
351 366 220 340 363 215 344 358 215 
377 432 231 363 433 226 369 431 223 
377 432 231 369 431 223 377 428 227 
366 456 223 372 469 220 364 463 217 
366 456 223 364 463 217 358 450 217 
370 509 209 363 500 206 368 493 209 
370 509 209 368 493 209 376 499 212 
379 518 212 370 509 209 376 499 212 
379 518 212 376 499 212 383 503 215 
389 522 214 379 518 212 383 503 215 
389 522 214 383 503 215 391 506 217 
399 522 214 389 522 214 391 506 217 
399 522 214 391 506 217 399 506 217 
379 681 105 356 676 105 356 692 125 
379 681 105 356 692 125 379 697 126 
352 690 170 377 694 172 378 703 149 
352 690 170 378 703 149 354 698 147 
353 668 189 352 690 170 326 680 165 
353 668 189 326 680 165 327 659 184 
278 547 87 279 506 87 271 504 104 
278 547 87 271 504 104 269 548 104 
330 331 206 325 323 202 332 312 205 
330 331 206 332 312 205 335 324 209 
372 337 227 398 337 228 398 350 226 
372 337 227 398 350 226 378 350 225 
299 497 191 296 500 189 297 498 191 
299 497 191 297 498 191 299 497 192 
342 243 143 370 224 152 367 246 156 
342 243 143 367 246 156 338 270 146 
298 317 116 300 330 102 300 305 104 
298 317 116 300 305 104 302 286 118 
348 344 80 377 346 77 376 328 78 
348 344 80 376 328 78 345 327 80 
311 302 132 298 317 116 302 286 118 
311 302 132 302 286 118 315 266 133 
311 302 132 338 270 146 334 286 156 
311 302 132 334 286 156 309 312 141 
377 346 77 400 346 77 400 327 78 
377 346 77 400 327 78 376 328 78 
332 667 105 356 676 105 352 652 89 
332 667 105 352 652 89 326 648 93 
321 385 86 350 386 77 350 364 79 
321 385 86 350 364 79 318 361 88 
374 622 74 370 581 64 337 582 67 
374 622 74 337 582 67 344 620 76 
348 407 73 320 409 83 313 434 78 
348 407 73 313 434 78 344 429 67 
350 386 77 321 385 86 320 409 83 
350 386 77 320 409 83 348 407 73 
302 502 71 334 500 61 339 460 63 
302 502 71 339 460 63 307 464 73 
301 544 72 305 585 75 337 582 67 
301 544 72 337 582 67 334 542 62 
350 364 79 378 366 76 377 346 77 
350 364 79 377 346 77 348 344 80 
334 542 62 368 539 59 369 497 58 
334 542 62 369 497 58 334 500 61 
345 327 80 305 325 89 313 342 88 
345 327 80 313 342 88 348 344 80 
300 445 198 293 458 194 280 446 189 
300 445 198 280 446 189 286 431 194 
268 469 173 274 475 179 272 490 178 
268 469 173 272 490 178 267 488 172 
275 570 168 285 600 179 283 617 164 
275 570 168 283 617 164 273 581 153 
275 570 168 273 581 153 267 543 146 
275 570 168 267 543 146 269 539 159 
296 626 96 288 632 111 308 661 117 
296 626 96 308 661 117 313 652 102 
315 620 83 326 648 93 352 652 89 
315 620 83 352 652 89 344 620 76 
319 444 205 316 456 201 300 445 198 
319 444 205 300 445 198 306 431 203 
331 418 209 323 406 208 333 394 210 
331 418 209 333 394 210 340 406 210 
306 431 203 294 417 200 304 405 204 
306 431 203 304 405 204 314 419 206 
323 406 208 314 419 206 304 405 204 
323 406 208 304 405 204 315 393 207 
333 394 210 326 382 209 334 370 212 
333 394 210 334 370 212 342 380 214 
349 372 218 342 380 214 334 370 212 
349 372 218 334 370 212 340 363 215 
391 406 220 400 404 220 399 413 222 
391 406 220 399 413 222 392 412 223 
349 420 218 344 430 213 347 423 211 
349 420 218 347 423 211 358 415 216 
264 448 120 270 436 122 258 448 127 
264 448 120 258 448 127 256 452 124 
256 474 128 252 469 125 256 452 124 
256 474 128 256 452 124 258 448 127 
254 493 121 247 488 120 252 469 125 
254 493 121 252 469 125 256 474 128 
253 495 111 246 491 112 247 488 120 
253 495 111 247 488 120 254 493 121 
255 485 105 248 482 106 246 491 112 
255 485 105 246 491 112 253 495 111 
257 464 101 248 464 104 248 482 106 
257 464 101 248 482 106 255 485 105 
262 434 102 253 436 104 248 464 104 
262 434 102 248 464 104 257 464 101 
263 398 115 258 402 117 257 413 110 
263 398 115 257 413 110 265 411 108 
263 387 123 256 392 124 258 402 117 
263 387 123 258 402 117 263 398 115 
254 484 119 259 470 122 252 469 125 
254 484 119 252 469 125 247 488 120 
253 486 113 254 484 119 247 488 120 
253 486 113 247 488 120 246 491 112 
254 480 108 253 486 113 246 491 112 
254 480 108 246 491 112 248 482 106 
254 466 106 254 480 108 248 482 106 
254 466 106 248 482 106 248 464 104 
248 464 104 253 436 104 258 438 105 
248 464 104 258 438 105 254 466 106 
257 413 110 258 402 117 257 407 119 
257 413 110 257 407 119 260 415 112 
256 404 125 257 407 119 258 402 117 
256 404 125 258 402 117 256 392 124 
259 408 130 256 404 125 256 392 124 
259 408 130 256 392 124 262 394 130 
266 424 119 268 417 123 268 425 124 
266 424 119 268 425 124 270 436 122 
260 455 132 261 481 130 256 474 128 
260 455 132 256 474 128 258 448 127 
256 474 128 261 481 130 263 494 121 
256 474 128 263 494 121 254 493 121 
265 489 110 253 495 111 254 493 121 
265 489 110 254 493 121 263 494 121 
272 465 104 257 464 101 255 485 105 
272 465 104 255 485 105 265 489 110 
272 465 104 276 437 104 262 434 102 
272 465 104 262 434 102 257 464 101 
265 411 108 279 413 109 277 398 116 
265 411 108 277 398 116 263 398 115 
263 387 123 263 398 115 277 398 116 
263 387 123 277 398 116 273 391 124 
263 387 123 273 391 124 269 396 131 
263 387 123 269 396 131 262 394 130 
259 408 130 262 394 130 269 396 131 
259 408 130 269 396 131 264 410 133 
252 469 125 259 470 122 264 448 120 
252 469 125 264 448 120 256 452 124 
266 424 119 261 437 116 260 423 115 
266 424 119 260 423 115 257 417 120 
266 424 119 257 417 120 259 413 125 
266 424 119 259 413 125 268 417 123 
259 413 125 256 423 128 268 425 124 
259 413 125 268 425 124 268 417 123 
268 425 124 256 423 128 258 448 127 
268 425 124 258 448 127 270 436 122 
253 486 113 254 480 108 254 466 106 
253 486 113 254 466 106 253 464 114 
253 464 114 254 466 106 258 438 105 
253 464 114 258 438 105 256 437 109 
260 415 112 258 438 105 253 436 104 
260 415 112 253 436 104 257 413 110 
253 436 104 262 434 102 265 411 108 
253 436 104 265 411 108 257 413 110 
279 413 109 265 411 108 262 434 102 
279 413 109 262 434 102 276 437 104 
253 464 114 259 470 122 254 484 119 
253 464 114 254 484 119 253 486 113 
260 423 115 256 437 109 258 438 105 
260 423 115 258 438 105 260 415 112 
270 436 122 264 448 120 261 437 116 
270 436 122 261 437 116 266 424 119 
259 408 130 256 423 128 259 413 125 
259 408 130 259 413 125 256 404 125 
260 423 115 260 415 112 257 407 119 
260 423 115 257 407 119 257 417 120 
258 448 127 256 423 128 261 430 133 
258 448 127 261 430 133 260 455 132 
261 430 133 256 423 128 259 408 130 
261 430 133 259 408 130 264 410 133 
284 438 101 285 407 107 279 413 109 
284 438 101 279 413 109 276 437 104 
284 438 101 276 437 104 272 465 104 
284 438 101 272 465 104 279 469 100 
277 398 116 285 407 107 288 377 110 
277 398 116 288 377 110 284 374 119 
277 398 116 284 374 119 282 372 125 
277 398 116 282 372 125 273 391 124 
279 469 100 272 465 104 265 489 110 
279 469 100 265 489 110 271 504 104 
285 469 89 279 469 100 271 504 104 
285 469 89 271 504 104 279 506 87 
301 382 98 288 377 110 285 407 107 
301 382 98 285 407 107 299 410 95 
299 410 95 285 407 107 284 438 101 
299 410 95 284 438 101 293 439 92 
260 455 132 261 430 133 261 434 139 
260 455 132 261 434 139 259 463 138 
264 410 133 269 396 131 274 378 131 
264 410 133 274 378 131 266 399 139 
259 413 125 257 417 120 257 407 119 
259 413 125 257 407 119 256 404 125 
262 500 133 266 513 120 263 494 121 
262 500 133 263 494 121 261 481 130 
269 396 131 273 391 124 282 372 125 
269 396 131 282 372 125 274 378 131 
399 260 182 375 265 182 370 269 170 
399 260 182 370 269 170 399 263 171 
370 509 209 359 522 209 355 512 206 
370 509 209 355 512 206 363 500 206 
272 490 178 274 475 179 282 481 185 
272 490 178 282 481 185 279 492 183 
259 463 138 261 434 139 258 441 147 
259 463 138 258 441 147 259 471 146 
267 488 172 264 484 164 263 461 165 
267 488 172 263 461 165 268 469 173 
261 478 155 259 471 146 258 441 147 
261 478 155 258 441 147 260 451 157 
279 492 183 282 481 185 289 487 189 
279 492 183 289 487 189 286 494 187 
266 399 139 261 434 139 261 430 133 
266 399 139 261 430 133 264 410 133 
377 432 231 377 428 227 383 427 226 
377 432 231 383 427 226 385 423 228 
340 363 215 334 370 212 328 361 210 
340 363 215 328 361 210 336 355 211 
325 352 208 333 349 209 336 355 211 
325 352 208 336 355 211 328 361 210 
327 338 205 334 342 206 333 345 207 
327 338 205 333 345 207 325 344 206 
300 445 198 316 456 201 311 470 199 
300 445 198 311 470 199 293 458 194 
311 302 132 315 266 133 342 243 143 
311 302 132 342 243 143 338 270 146 
307 464 73 285 469 89 279 506 87 
307 464 73 279 506 87 302 502 71 
400 458 58 400 429 62 374 429 63 
400 458 58 374 429 63 371 459 59 
371 459 59 339 460 63 334 500 61 
371 459 59 334 500 61 369 497 58 
307 464 73 339 460 63 344 429 67 
307 464 73 344 429 67 313 434 78 
284 438 101 279 469 100 285 469 89 
284 438 101 285 469 89 293 439 92 
260 455 132 259 463 138 262 500 133 
260 455 132 262 500 133 261 481 130 
354 698 147 356 692 125 331 680 122 
354 698 147 331 680 122 328 686 143 
285 633 129 288 632 111 275 591 106 
285 633 129 275 591 106 272 591 122 
304 666 136 308 661 117 288 632 111 
304 666 136 288 632 111 285 633 129 
400 704 150 400 699 126 379 697 126 
400 704 150 379 697 126 378 703 149 
271 504 104 265 489 110 263 494 121 
271 504 104 263 494 121 266 513 120 
367 541 214 379 518 212 389 522 214 
367 541 214 389 522 214 386 543 215 
399 543 215 386 543 215 389 522 214 
399 543 215 389 522 214 399 522 214 
386 353 210 400 338 205 368 333 201 
386 353 210 368 333 201 373 350 208 
350 338 197 352 347 201 361 347 204 
350 338 197 361 347 204 368 333 201 
343 349 196 345 349 199 352 347 201 
343 349 196 352 347 201 350 338 197 
342 354 198 342 351 199 345 349 199 
342 354 198 345 349 199 343 349 196 
353 374 199 347 359 191 356 360 179 
353 374 199 356 360 179 376 404 182 
344 361 198 342 354 198 343 349 196 
344 361 198 343 349 196 347 359 191 
350 338 197 368 333 201 374 325 181 
350 338 197 374 325 181 350 342 188 
297 499 191 295 504 190 299 513 195 
297 499 191 299 513 195 300 503 195 
315 518 202 314 511 203 300 503 195 
315 518 202 300 503 195 299 513 195 
355 495 196 357 495 198 357 497 198 
355 495 196 357 497 198 356 500 195 
355 495 196 344 490 197 349 494 200 
355 495 196 349 494 200 357 495 198 
303 494 194 311 491 199 324 489 195 
303 494 194 324 489 195 307 495 189 
332 517 203 349 511 201 348 507 202 
332 517 203 348 507 202 332 512 205 
322 493 202 323 491 201 311 491 199 
322 493 202 311 491 199 309 493 200 
322 493 202 336 494 203 338 492 202 
322 493 202 338 492 202 323 491 201 
307 495 189 303 505 188 296 500 189 
307 495 189 296 500 189 299 497 191 
302 495 195 303 494 194 299 497 191 
302 495 195 299 497 191 299 497 192 
303 505 188 311 517 192 299 513 195 
303 505 188 299 513 195 295 504 190 
311 517 192 328 521 197 315 518 202 
311 517 192 315 518 202 299 513 195 
357 500 199 348 507 202 349 511 201 
357 500 199 349 511 201 356 505 199 
349 511 201 332 517 203 328 521 197 
349 511 201 328 521 197 348 514 196 
338 492 202 344 490 197 324 489 195 
338 492 202 324 489 195 323 491 201 
356 505 199 349 511 201 348 514 196 
356 505 199 348 514 196 355 506 196 
357 501 198 355 506 196 356 500 195 
357 501 198 356 500 195 357 497 198 
314 305 183 325 286 174 339 274 185 
314 305 183 339 274 185 331 285 191 
375 264 204 399 268 204 399 280 214 
375 264 204 399 280 214 374 279 214 
399 263 171 370 269 170 366 262 162 
399 263 171 366 262 162 399 248 168 
325 286 174 347 278 170 356 270 182 
325 286 174 356 270 182 339 274 185 
292 341 131 280 344 137 274 378 131 
292 341 131 274 378 131 282 372 125 
260 423 115 261 437 116 253 464 114 
260 423 115 253 464 114 256 437 109 
362 426 220 370 430 216 381 433 221 
362 426 220 381 433 221 369 431 223 
362 421 219 370 430 216 362 426 220 
362 421 219 362 426 220 358 421 220 
373 382 203 376 404 182 400 406 182 
373 382 203 400 406 182 400 380 205 
368 333 201 400 338 205 400 329 182 
368 333 201 400 329 182 374 325 181 
374 325 181 400 329 182 400 367 165 
374 325 181 400 367 165 382 366 165 
376 404 182 382 366 165 400 367 165 
376 404 182 400 367 165 400 406 182 
288 299 89 333 296 77 323 279 75 
288 299 89 323 279 75 278 288 87 
377 164 151 374 196 151 346 211 144 
377 164 151 346 211 144 344 173 148 
299 281 105 292 257 105 289 216 122 
299 281 105 289 216 122 300 254 120 
267 210 115 289 216 122 292 257 105 
267 210 115 292 257 105 272 246 103 
376 127 155 344 138 154 335 117 161 
376 127 155 335 117 161 368 103 162 
278 288 87 261 270 84 244 236 101 
278 288 87 244 236 101 272 246 103 
283 172 133 265 182 124 244 170 126 
283 172 133 244 170 126 263 152 140 
344 138 154 314 148 142 297 132 152 
344 138 154 297 132 152 335 117 161 
297 132 152 314 148 142 283 172 133 
297 132 152 283 172 133 263 152 140 
308 261 70 323 279 75 366 272 72 
308 261 70 366 272 72 358 247 67 
366 272 72 370 293 76 400 294 76 
366 272 72 400 294 76 399 273 72 
399 247 67 358 247 67 366 272 72 
399 247 67 366 272 72 399 273 72 
278 288 87 323 279 75 308 261 70 
278 288 87 308 261 70 261 270 84 
292 257 105 288 299 89 278 288 87 
292 257 105 278 288 87 272 246 103 
289 216 122 267 210 115 265 182 124 
289 216 122 265 182 124 283 172 133 
244 170 126 265 182 124 267 210 115 
244 170 126 267 210 115 242 198 113 
244 236 101 242 198 113 267 210 115 
244 236 101 267 210 115 272 246 103 
340 312 80 345 327 80 376 328 78 
340 312 80 376 328 78 373 311 78 
315 189 137 314 230 136 300 254 120 
315 189 137 300 254 120 289 216 122 
315 189 137 344 173 148 346 211 144 
315 189 137 346 211 144 314 230 136 
400 310 78 373 311 78 376 328 78 
400 310 78 376 328 78 400 327 78 
377 164 151 344 173 148 344 138 154 
377 164 151 344 138 154 376 127 155 
314 148 142 315 189 137 289 216 122 
314 148 142 289 216 122 283 172 133 
315 189 137 314 148 142 344 138 154 
315 189 137 344 138 154 344 173 148 
400 120 151 400 162 151 377 164 151 
400 120 151 377 164 151 376 127 155 
299 281 105 297 312 89 288 299 89 
299 281 105 288 299 89 292 257 105 
368 103 162 399 94 159 400 120 151 
368 103 162 400 120 151 376 127 155 
299 281 105 300 305 104 305 325 89 
299 281 105 305 325 89 297 312 89 
400 190 155 399 210 160 370 224 152 
400 190 155 370 224 152 374 196 151 
323 279 75 333 296 77 370 293 76 
323 279 75 370 293 76 366 272 72 
297 312 89 305 325 89 345 327 80 
297 312 89 345 327 80 340 312 80 
374 196 151 370 224 152 342 243 143 
374 196 151 342 243 143 346 211 144 
300 305 104 299 281 105 300 254 120 
300 305 104 300 254 120 302 286 118 
333 296 77 340 312 80 373 311 78 
333 296 77 373 311 78 370 293 76 
314 230 136 315 266 133 302 286 118 
314 230 136 302 286 118 300 254 120 
346 211 144 342 243 143 315 266 133 
346 211 144 315 266 133 314 230 136 
400 294 76 370 293 76 373 311 78 
400 294 76 373 311 78 400 310 78 
400 162 151 400 190 155 374 196 151 
400 162 151 374 196 151 377 164 151 
288 299 89 297 312 89 340 312 80 
288 299 89 340 312 80 333 296 77 
399 217 61 350 221 60 358 247 67 
399 217 61 358 247 67 399 247 67 
239 249 80 216 224 98 244 236 101 
239 249 80 244 236 101 261 270 84 
261 270 84 308 261 70 292 236 66 
261 270 84 292 236 66 239 249 80 
318 88 166 360 74 171 368 103 162 
318 88 166 368 103 162 335 117 161 
239 135 144 276 111 157 297 132 152 
239 135 144 297 132 152 263 152 140 
244 236 101 216 224 98 210 192 114 
244 236 101 210 192 114 242 198 113 
215 162 130 239 135 144 263 152 140 
215 162 130 263 152 140 244 170 126 
292 236 66 308 261 70 358 247 67 
292 236 66 358 247 67 350 221 60 
360 74 171 400 68 167 399 94 159 
360 74 171 399 94 159 368 103 162 
335 117 161 297 132 152 276 111 157 
335 117 161 276 111 157 318 88 166 
215 162 130 244 170 126 242 198 113 
215 162 130 242 198 113 210 192 114 
300 503 195 314 511 203 314 512 203 
300 503 195 314 512 203 299 503 196 
342 348 206 341 348 206 337 347 207 
342 348 206 337 347 207 338 345 207 
297 499 191 296 498 192 296 497 191 
297 499 191 296 497 191 297 498 191 
343 349 196 350 338 197 350 342 188 
343 349 196 350 342 188 347 359 191 
300 503 195 299 503 196 296 498 192 
300 503 195 296 498 192 297 499 191 
344 350 204 342 350 203 341 348 206 
344 350 204 341 348 206 342 348 206 
347 351 206 344 351 209 341 349 207 
347 351 206 341 349 207 344 351 204 
441 497 199 442 497 198 443 500 199 
442 497 198 442 501 198 443 500 199 
442 505 198 443 500 199 442 501 198 
424 404 182 446 374 199 427 382 203 
443 495 198 442 497 198 441 497 199 
425 363 213 427 382 203 436 361 211 
451 357 203 445 358 206 446 374 199 
411 364 214 399 363 214 400 380 205 
474 648 93 468 667 105 487 652 102 
441 497 199 443 497 199 443 495 198 
536 387 123 544 392 124 538 394 130 
547 495 111 544 485 105 534 489 110 
523 398 116 514 407 107 521 413 109 
427 350 208 438 347 204 431 333 201 
456 361 198 446 374 199 453 359 191 
412 353 210 400 338 205 399 354 211 
461 492 202 455 490 197 450 494 200 
483 518 202 467 517 203 471 521 197 
487 491 199 475 489 195 475 491 201 
460 504 189 492 495 189 496 505 188 
460 504 189 471 521 197 451 514 196 
460 504 189 496 505 188 488 517 192 
460 504 189 455 490 197 475 489 195 
492 495 189 460 504 189 475 489 195 
451 514 196 444 506 195 460 504 189 
460 504 189 444 506 195 441 500 194 
442 501 198 444 506 195 442 505 198 
503 504 190 496 505 188 502 500 189 
492 495 189 496 494 194 499 497 191 
445 495 195 460 504 189 441 500 194 
455 490 197 460 504 189 445 495 195 
471 521 197 460 504 189 488 517 192 
535 448 120 546 464 114 540 470 122 
535 448 120 538 437 116 546 464 114 
417 366 165 425 325 181 443 360 179 
417 366 165 443 360 179 424 404 182 
443 360 179 450 342 188 453 359 191 
425 325 181 450 342 188 443 360 179 
357 497 198 358 497 199 357 500 199 
357 501 198 357 497 198 357 500 199 
357 500 199 356 505 199 357 501 198 
353 374 199 376 404 182 373 382 203 
357 497 198 357 495 198 358 497 199 
373 382 203 374 363 213 363 361 211 
354 358 206 348 357 203 353 374 199 
399 363 214 388 364 214 400 380 205 
332 667 105 326 648 93 313 652 102 
356 497 199 358 497 199 357 495 198 
256 392 124 263 387 123 262 394 130 
255 485 105 253 495 111 265 489 110 
285 407 107 277 398 116 279 413 109 
361 347 204 373 350 208 368 333 201 
353 374 199 344 361 198 347 359 191 
400 338 205 386 353 210 399 354 211 
344 490 197 338 492 202 349 494 200 
332 517 203 315 518 202 328 521 197 
324 489 195 311 491 199 323 491 201 
307 495 189 340 504 189 303 505 188 
328 521 197 340 504 189 348 514 196 
303 505 188 340 504 189 311 517 192 
344 490 197 340 504 189 324 489 195 
340 504 189 307 495 189 324 489 195 
355 506 196 348 514 196 340 504 189 
355 506 196 340 504 189 356 500 195 
355 506 196 357 501 198 356 505 199 
303 505 188 295 504 190 296 500 189 
303 494 194 307 495 189 299 497 191 
340 504 189 355 495 196 356 500 195 
340 504 189 344 490 197 355 495 196 
340 504 189 328 521 197 311 517 192 
253 464 114 264 448 120 259 470 122 
261 437 116 264 448 120 253 464 114 
374 325 181 382 366 165 356 360 179 
356 360 179 382 366 165 376 404 182 
350 342 188 356 360 179 347 359 191 
350 342 188 374 325 181 356 360 179 
