448 347 202 447 352 204 453 352 202 
448 347 202 453 352 202 455 350 200 
427 383 204 426 363 213 411 364 214 
427 383 204 411 364 214 400 381 205 
413 353 211 414 360 213 427 358 211 
413 353 211 427 358 211 427 351 208 
439 348 205 427 351 208 427 358 211 
439 348 205 427 358 211 439 355 207 
439 348 205 439 355 207 447 352 204 
439 348 205 447 352 204 448 347 202 
456 356 202 456 362 198 458 355 199 
456 356 202 458 355 199 457 353 201 
457 352 200 455 350 200 453 352 202 
457 352 200 453 352 202 455 352 202 
458 355 199 457 352 200 455 352 202 
458 355 199 455 352 202 457 353 201 
456 356 202 452 357 204 447 374 200 
456 356 202 447 374 200 456 362 198 
413 353 211 400 354 211 400 359 214 
413 353 211 400 359 214 414 360 213 
427 383 204 447 374 200 446 358 207 
427 383 204 446 358 207 437 361 211 
475 287 175 490 301 162 502 320 169 
475 287 175 502 320 169 486 305 183 
513 403 195 502 391 201 505 373 196 
513 403 195 505 373 196 516 386 189 
482 361 88 479 385 87 499 382 99 
482 361 88 499 382 99 500 355 101 
538 505 145 541 471 146 541 463 138 
538 505 145 541 463 138 537 501 134 
466 286 156 433 263 162 432 247 156 
466 286 156 432 247 156 462 271 146 
461 275 185 469 286 191 455 276 197 
461 275 185 455 276 197 453 270 192 
433 263 162 466 286 156 453 279 171 
433 263 162 453 279 171 430 269 171 
466 286 156 490 301 162 475 287 175 
466 286 156 475 287 175 453 279 171 
528 592 122 529 589 138 535 547 134 
528 592 122 535 547 134 534 549 119 
527 530 179 530 535 171 521 559 179 
527 530 179 521 559 179 519 550 186 
506 513 196 510 507 191 513 511 191 
506 513 196 513 511 191 508 520 196 
516 539 192 522 524 185 527 530 179 
516 539 192 527 530 179 519 550 186 
503 509 196 500 503 196 502 499 192 
503 509 196 502 499 192 507 502 192 
527 581 154 533 544 147 535 547 134 
527 581 154 535 547 134 529 589 138 
516 539 192 512 529 195 519 518 189 
516 539 192 519 518 189 522 524 185 
489 594 198 465 603 206 462 575 211 
489 594 198 462 575 211 487 572 203 
462 575 211 460 551 213 485 555 207 
462 575 211 485 555 207 487 572 203 
489 594 198 495 621 190 470 634 199 
489 594 198 470 634 199 465 603 206 
469 518 207 453 513 206 452 508 204 
469 518 207 452 508 204 467 513 206 
452 508 203 468 512 205 467 513 206 
452 508 203 467 513 206 452 508 204 
460 551 213 457 533 209 479 539 207 
460 551 213 479 539 207 485 555 207 
474 527 207 457 521 208 455 516 207 
474 527 207 455 516 207 470 520 207 
418 432 222 429 431 224 422 428 227 
418 432 222 422 428 227 416 427 227 
540 452 157 538 425 160 536 411 150 
540 452 157 536 411 150 542 441 148 
512 364 182 506 342 175 521 358 165 
512 364 182 521 358 165 522 382 173 
466 350 209 466 346 207 474 345 207 
466 350 209 474 345 207 474 352 208 
522 382 173 521 358 165 530 381 156 
522 382 173 530 381 156 530 402 165 
505 373 196 502 391 201 490 380 205 
505 373 196 490 380 205 493 364 201 
457 353 201 457 351 204 456 351 205 
457 353 201 456 351 205 456 356 202 
453 352 207 452 357 204 456 356 202 
453 352 207 456 356 202 456 351 205 
463 356 211 458 353 211 461 350 208 
463 356 211 461 350 208 466 350 209 
483 358 205 474 352 208 474 345 207 
483 358 205 474 345 207 483 346 203 
518 481 185 513 471 189 524 461 184 
518 481 185 524 461 184 525 476 180 
514 432 195 506 418 201 513 403 195 
514 432 195 513 403 195 523 417 189 
513 403 195 516 386 189 526 401 181 
513 403 195 526 401 181 523 417 189 
459 335 211 456 343 211 450 342 215 
459 335 211 450 342 215 451 331 214 
474 382 209 464 370 213 470 361 210 
474 382 209 470 361 210 480 370 207 
469 332 207 474 324 203 480 334 202 
469 332 207 480 334 202 472 339 206 
474 352 208 483 358 205 480 370 207 
474 352 208 480 370 207 470 361 210 
450 342 215 456 343 211 453 349 210 
450 342 215 453 349 210 446 351 214 
444 455 214 436 463 217 442 451 217 
444 455 214 442 451 217 449 444 212 
432 480 214 424 486 217 427 469 220 
432 480 214 427 469 220 436 463 217 
441 483 209 431 493 210 432 480 214 
441 483 209 432 480 214 443 470 213 
479 385 87 480 410 84 501 410 96 
479 385 87 501 410 96 499 382 99 
487 331 196 479 314 195 486 305 183 
487 331 196 486 305 183 494 331 186 
506 342 175 502 320 169 518 336 157 
506 342 175 518 336 157 521 358 165 
530 381 156 529 361 146 534 399 139 
530 381 156 534 399 139 536 411 150 
539 434 139 542 441 148 536 411 150 
539 434 139 536 411 150 534 399 139 
447 669 190 448 690 170 423 694 172 
447 669 190 423 694 172 423 672 192 
498 645 176 517 617 165 517 630 147 
498 645 176 517 630 147 499 662 158 
528 592 122 515 634 129 517 630 147 
528 592 122 517 630 147 529 589 138 
462 575 211 465 603 206 440 606 210 
462 575 211 440 606 210 436 573 215 
431 493 210 441 483 209 440 490 205 
431 493 210 440 490 205 436 500 206 
417 490 220 420 473 224 427 469 220 
417 490 220 427 469 220 424 486 217 
440 606 210 445 640 204 422 642 206 
440 606 210 422 642 206 419 607 212 
400 571 215 400 543 216 413 544 215 
400 571 215 413 544 215 417 572 215 
400 607 212 400 571 215 417 572 215 
400 607 212 417 572 215 419 607 212 
507 564 195 487 572 203 485 555 207 
507 564 195 485 555 207 505 552 199 
519 550 186 507 564 195 505 552 199 
519 550 186 505 552 199 516 539 192 
467 475 203 451 480 204 453 471 207 
467 475 203 453 471 207 468 465 204 
441 415 216 421 416 219 425 397 223 
441 415 216 425 397 223 441 404 216 
453 423 211 441 415 216 441 404 216 
453 423 211 441 404 216 454 416 211 
410 386 228 433 383 223 425 397 223 
410 386 228 425 397 223 410 395 224 
454 460 211 454 448 212 464 441 210 
454 460 211 464 441 210 466 453 208 
410 386 228 410 395 224 400 393 223 
410 386 228 400 393 223 400 383 227 
460 428 210 454 436 211 453 423 211 
460 428 210 453 423 211 454 416 211 
464 441 210 454 448 212 454 436 211 
464 441 210 454 436 211 460 428 210 
443 494 203 443 496 201 442 498 201 
443 494 203 442 498 201 442 498 203 
423 672 192 422 642 206 445 640 204 
423 672 192 445 640 204 447 669 190 
474 680 166 472 687 144 446 698 148 
474 680 166 446 698 148 448 690 170 
444 676 105 444 692 125 469 681 122 
444 676 105 469 681 122 468 667 105 
444 692 125 420 698 126 422 703 149 
444 692 125 422 703 149 446 698 148 
433 541 214 460 551 213 462 575 211 
433 541 214 462 575 211 436 573 215 
436 573 215 417 572 215 413 544 215 
436 573 215 413 544 215 433 541 214 
457 533 209 440 523 209 444 512 206 
457 533 209 444 512 206 457 521 208 
458 353 211 463 356 211 458 363 215 
458 353 211 458 363 215 454 359 215 
438 445 226 426 447 232 421 432 231 
438 445 226 421 432 231 435 433 226 
429 430 217 418 432 222 413 421 222 
429 430 217 413 421 222 421 416 219 
431 375 226 411 379 231 412 363 229 
431 375 226 412 363 229 432 361 225 
432 361 225 412 363 229 412 356 222 
432 361 225 412 356 222 429 355 219 
429 355 219 412 356 222 411 364 214 
429 355 219 411 364 214 426 363 213 
425 397 223 421 416 219 408 406 220 
425 397 223 408 406 220 410 395 224 
412 363 229 411 379 231 400 377 231 
412 363 229 400 377 231 400 364 228 
400 364 214 411 364 214 412 356 222 
400 364 214 412 356 222 399 357 222 
421 432 231 426 447 232 414 448 237 
421 432 231 414 448 237 411 433 237 
425 459 229 420 473 224 411 476 227 
425 459 229 411 476 227 414 461 233 
417 490 220 408 492 223 411 476 227 
417 490 220 411 476 227 420 473 224 
417 490 220 416 504 215 408 506 217 
417 490 220 408 506 217 408 492 223 
400 432 239 411 433 237 414 448 237 
400 432 239 414 448 237 400 449 238 
400 449 238 414 448 237 414 461 233 
400 449 238 414 461 233 400 462 235 
527 581 154 529 589 138 517 630 147 
527 581 154 517 630 147 517 617 165 
520 505 185 519 492 184 526 491 178 
520 505 185 526 491 178 525 508 180 
525 508 180 522 524 185 519 518 189 
525 508 180 519 518 189 520 505 185 
531 540 160 536 508 156 538 505 145 
531 540 160 538 505 145 533 544 147 
526 491 178 532 488 172 530 510 174 
526 491 178 530 510 174 525 508 180 
510 501 190 508 496 190 512 495 187 
510 501 190 512 495 187 514 503 188 
541 471 146 538 505 145 536 508 156 
541 471 146 536 508 156 538 479 155 
536 508 156 535 510 166 535 485 165 
536 508 156 535 485 165 538 479 155 
400 248 168 400 229 165 432 247 156 
400 248 168 432 247 156 433 263 162 
469 299 199 467 312 206 454 304 209 
469 299 199 454 304 209 455 290 204 
437 314 215 421 316 217 424 300 216 
437 314 215 424 300 216 440 299 213 
458 348 206 456 350 204 454 350 205 
458 348 206 454 350 205 456 348 207 
456 351 205 457 351 204 458 349 206 
456 351 205 458 349 206 458 350 207 
446 351 214 440 354 210 429 357 215 
446 351 214 429 357 215 435 352 220 
495 405 204 502 391 201 513 403 195 
495 405 204 513 403 195 506 418 201 
494 432 203 506 418 201 514 432 195 
494 432 203 514 432 195 500 445 199 
468 419 209 476 432 208 464 441 210 
468 419 209 464 441 210 460 428 210 
490 380 205 484 394 207 474 382 209 
490 380 205 474 382 209 480 370 207 
520 446 189 524 461 184 513 471 189 
520 446 189 513 471 189 507 458 194 
509 487 189 502 479 194 513 471 189 
509 487 189 513 471 189 518 481 185 
520 345 137 507 321 149 491 313 141 
520 345 137 491 313 141 508 341 131 
527 530 179 522 524 185 525 508 180 
527 530 179 525 508 180 530 510 174 
531 469 173 525 476 180 524 461 184 
531 469 173 524 461 184 532 452 177 
520 505 185 514 503 188 512 495 187 
520 505 185 512 495 187 519 492 184 
400 538 58 400 581 63 430 582 64 
400 538 58 430 582 64 431 540 59 
447 669 190 445 640 204 470 634 199 
447 669 190 470 634 199 473 660 184 
474 680 166 473 660 184 498 645 176 
474 680 166 498 645 176 499 662 158 
446 351 214 453 349 210 448 352 207 
446 351 214 448 352 207 440 354 210 
453 352 207 448 351 210 446 358 207 
453 352 207 446 358 207 452 357 204 
424 265 205 442 269 202 442 284 209 
424 265 205 442 284 209 425 280 214 
490 301 162 507 321 149 518 336 157 
490 301 162 518 336 157 502 320 169 
501 353 191 512 364 182 516 386 189 
501 353 191 516 386 189 505 373 196 
533 418 175 529 433 183 523 417 189 
533 418 175 523 417 189 526 401 181 
420 698 126 421 681 106 400 683 106 
420 698 126 400 683 106 400 699 127 
423 657 89 421 681 106 444 676 105 
423 657 89 444 676 105 448 653 90 
450 496 202 463 493 204 463 495 203 
450 496 202 463 495 203 451 497 201 
465 483 203 450 486 203 451 480 204 
465 483 203 451 480 204 467 475 203 
521 358 165 518 336 157 529 361 146 
521 358 165 529 361 146 530 381 156 
495 621 190 489 594 198 509 581 189 
495 621 190 509 581 189 515 600 179 
474 527 207 470 520 207 490 519 203 
474 527 207 490 519 203 493 526 203 
440 500 204 436 500 206 440 490 205 
440 500 204 440 490 205 441 492 203 
453 513 206 445 506 204 445 501 202 
453 513 206 445 501 202 452 508 204 
450 496 202 450 492 204 464 489 204 
450 496 202 464 489 204 463 493 204 
451 497 201 443 497 200 443 496 201 
451 497 201 443 496 201 450 496 202 
453 423 211 454 436 211 449 444 212 
453 423 211 449 444 212 455 431 213 
451 331 214 439 327 219 437 314 215 
451 331 214 437 314 215 452 317 212 
455 290 204 455 276 197 469 286 191 
455 290 204 469 286 191 469 299 199 
494 331 186 501 353 191 492 348 198 
494 331 186 492 348 198 487 331 196 
477 407 209 466 394 210 474 382 209 
477 407 209 474 382 209 484 394 207 
484 394 207 490 380 205 502 391 201 
484 394 207 502 391 201 495 405 204 
465 342 207 461 346 207 459 344 208 
465 342 207 459 344 208 463 339 208 
455 352 202 453 352 202 454 350 205 
455 352 202 454 350 205 456 350 204 
456 350 204 457 351 204 457 353 201 
456 350 204 457 353 201 455 352 202 
454 359 215 451 353 212 455 351 209 
454 359 215 455 351 209 458 353 211 
466 286 156 491 313 141 507 321 149 
466 286 156 507 321 149 490 301 162 
529 361 146 520 345 137 526 378 132 
529 361 146 526 378 132 534 399 139 
414 424 229 421 432 231 411 433 237 
414 424 229 411 433 237 408 420 231 
414 461 233 411 476 227 400 477 229 
414 461 233 400 477 229 400 462 235 
450 386 78 450 365 80 422 366 76 
450 386 78 422 366 76 422 387 74 
485 511 203 485 512 204 467 513 206 
485 511 203 467 513 206 468 512 205 
467 513 206 485 512 204 488 517 203 
467 513 206 488 517 203 469 518 207 
445 501 202 443 501 200 452 508 203 
445 501 202 452 508 203 452 508 204 
479 314 195 487 331 196 480 334 202 
479 314 195 480 334 202 474 324 203 
452 317 212 463 325 209 459 335 211 
452 317 212 459 335 211 451 331 214 
444 455 214 449 444 212 454 436 211 
444 455 214 454 436 211 454 448 212 
530 535 171 535 510 166 536 508 156 
530 535 171 536 508 156 531 540 160 
408 492 223 400 493 224 400 477 229 
408 492 223 400 477 229 411 476 227 
408 506 217 400 507 218 400 493 224 
408 506 217 400 493 224 408 492 223 
453 352 207 455 351 209 451 353 212 
453 352 207 451 353 212 448 351 210 
440 340 221 439 327 219 451 331 214 
440 340 221 451 331 214 450 342 215 
423 337 227 424 325 222 439 327 219 
423 337 227 439 327 219 440 340 221 
427 469 220 420 473 224 425 459 229 
427 469 220 425 459 229 434 457 223 
421 316 217 437 314 215 439 327 219 
421 316 217 439 327 219 424 325 222 
437 427 220 440 422 220 450 420 218 
437 427 220 450 420 218 446 427 222 
450 440 219 455 431 213 449 444 212 
450 440 219 449 444 212 442 451 217 
434 457 223 438 445 226 450 440 219 
434 457 223 450 440 219 442 451 217 
425 459 229 426 447 232 438 445 226 
425 459 229 438 445 226 434 457 223 
485 555 207 479 539 207 498 538 201 
485 555 207 498 538 201 505 552 199 
466 346 207 462 347 207 461 346 207 
466 346 207 461 346 207 465 342 207 
440 340 221 450 342 215 446 351 214 
440 340 221 446 351 214 435 352 220 
415 358 218 399 358 219 399 350 227 
415 358 218 399 350 227 418 351 226 
418 351 226 423 337 227 440 340 221 
418 351 226 440 340 221 435 352 220 
439 355 207 440 354 210 448 352 207 
439 355 207 448 352 207 447 352 204 
439 355 207 427 358 211 429 357 215 
439 355 207 429 357 215 440 354 210 
427 358 211 414 360 213 415 358 218 
427 358 211 415 358 218 429 357 215 
407 413 223 408 406 220 421 416 219 
407 413 223 421 416 219 413 421 222 
408 420 231 400 418 232 400 413 223 
408 420 231 400 413 223 407 413 223 
416 427 227 414 424 229 413 421 222 
416 427 227 413 421 222 418 432 222 
425 459 229 414 461 233 414 448 237 
425 459 229 414 448 237 426 447 232 
458 348 206 456 348 207 459 344 208 
458 348 206 459 344 208 461 346 207 
464 489 204 480 489 203 478 493 204 
464 489 204 478 493 204 463 493 204 
503 498 192 506 499 191 507 502 192 
503 498 192 507 502 192 502 499 192 
502 497 193 503 498 192 501 498 191 
502 497 193 501 498 191 500 497 192 
423 265 193 424 265 205 400 269 204 
423 265 193 400 269 204 400 265 194 
442 269 202 441 266 193 453 270 192 
442 269 202 453 270 192 455 276 197 
485 621 83 504 626 96 516 589 91 
485 621 83 516 589 91 494 585 76 
485 621 83 474 648 93 487 653 102 
485 621 83 487 653 102 504 626 96 
516 589 91 504 626 96 512 632 112 
516 589 91 512 632 112 525 592 106 
468 667 105 469 681 122 492 661 118 
468 667 105 492 661 118 487 653 102 
425 266 182 430 269 171 453 279 171 
425 266 182 453 279 171 444 271 183 
461 275 185 453 270 192 441 266 193 
461 275 185 441 266 193 444 271 183 
444 512 206 445 509 205 455 516 207 
444 512 206 455 516 207 457 521 208 
423 657 89 448 653 90 456 621 76 
423 657 89 456 621 76 426 622 74 
456 621 76 485 621 83 494 585 76 
456 621 76 494 585 76 462 583 67 
456 430 68 452 407 74 424 407 69 
456 430 68 424 407 69 426 429 64 
452 407 74 450 386 78 422 387 74 
452 407 74 422 387 74 424 407 69 
501 410 96 480 410 84 487 434 78 
501 410 96 487 434 78 507 439 92 
487 434 78 493 465 74 514 470 89 
487 434 78 514 470 89 507 439 92 
400 496 57 431 498 58 428 459 60 
400 496 57 428 459 60 400 459 59 
507 321 149 520 345 137 529 361 146 
507 321 149 529 361 146 518 336 157 
451 480 204 450 486 203 441 492 203 
451 480 204 441 492 203 440 490 205 
453 471 207 441 483 209 443 470 213 
453 471 207 443 470 213 454 460 211 
521 506 87 498 503 72 499 544 72 
521 506 87 499 544 72 522 547 88 
516 589 91 525 592 106 531 549 104 
516 589 91 531 549 104 522 547 88 
534 549 119 531 549 104 525 592 106 
534 549 119 525 592 106 528 592 122 
535 547 134 533 544 147 538 505 145 
535 547 134 538 505 145 537 501 134 
514 503 188 513 511 191 510 507 191 
514 503 188 510 507 191 510 501 190 
512 529 195 516 539 192 505 552 199 
512 529 195 505 552 199 498 538 201 
472 687 144 496 666 137 492 661 118 
472 687 144 492 661 118 469 681 122 
499 662 158 517 630 147 515 634 129 
499 662 158 515 634 129 496 666 137 
472 687 144 474 680 166 499 662 158 
472 687 144 499 662 158 496 666 137 
519 550 186 521 559 179 509 581 189 
519 550 186 509 581 189 507 564 195 
514 503 188 520 505 185 519 518 189 
514 503 188 519 518 189 513 511 191 
425 266 182 423 265 193 400 265 194 
425 266 182 400 265 194 400 260 182 
442 284 209 455 290 204 454 304 209 
442 284 209 454 304 209 440 299 213 
500 355 101 499 382 99 511 377 110 
500 355 101 511 377 110 508 347 113 
467 475 203 488 470 200 482 483 202 
467 475 203 482 483 202 465 483 203 
508 520 196 493 526 203 490 519 203 
508 520 196 490 519 203 506 513 196 
461 350 208 458 353 211 455 351 209 
461 350 208 455 351 209 458 350 207 
462 347 207 461 350 208 458 350 207 
462 347 207 458 350 207 458 349 206 
447 367 220 431 375 226 432 361 225 
447 367 220 432 361 225 445 357 218 
400 383 227 400 377 231 411 379 231 
400 383 227 411 379 231 410 386 228 
432 361 225 429 355 219 441 353 214 
432 361 225 441 353 214 445 357 218 
441 353 214 429 355 219 426 363 213 
441 353 214 426 363 213 437 361 211 
400 364 228 399 357 222 412 356 222 
400 364 228 412 356 222 412 363 229 
400 705 150 400 696 173 423 694 172 
400 705 150 423 694 172 422 703 149 
464 441 210 476 432 208 481 445 205 
464 441 210 481 445 205 466 453 208 
490 494 200 477 494 203 478 493 204 
490 494 200 478 493 204 491 493 200 
503 509 196 488 517 203 485 512 204 
503 509 196 485 512 204 500 503 196 
443 494 203 450 492 204 450 496 202 
443 494 203 450 496 202 443 496 201 
442 498 201 443 496 201 443 497 200 
442 498 201 443 497 200 442 498 200 
442 284 209 442 269 202 455 276 197 
442 284 209 455 276 197 455 290 204 
442 284 209 440 299 213 424 300 216 
442 284 209 424 300 216 425 280 214 
502 500 192 504 505 190 503 500 189 
502 500 192 503 500 189 501 498 191 
451 497 201 451 494 201 443 495 199 
451 497 201 443 495 199 443 497 200 
451 494 201 451 497 201 463 495 203 
451 494 201 463 495 203 462 492 202 
490 494 200 497 496 196 497 495 194 
490 494 200 497 495 194 488 492 199 
485 511 203 468 512 205 467 517 203 
485 511 203 467 517 203 484 519 202 
502 497 193 504 496 192 506 499 191 
502 497 193 506 499 191 503 498 192 
508 496 190 510 501 190 506 499 191 
508 496 190 506 499 191 504 496 192 
510 507 191 506 513 196 503 509 196 
510 507 191 503 509 196 507 502 192 
488 517 203 490 519 203 470 520 207 
488 517 203 470 520 207 469 518 207 
442 498 203 440 500 204 441 492 203 
442 498 203 441 492 203 443 494 203 
467 312 206 469 299 199 479 314 195 
467 312 206 479 314 195 474 324 203 
441 266 193 442 269 202 424 265 205 
441 266 193 424 265 205 423 265 193 
486 305 183 502 320 169 506 342 175 
486 305 183 506 342 175 494 331 186 
453 352 202 447 352 204 448 352 207 
453 352 202 448 352 207 454 350 205 
465 342 207 463 339 208 469 332 207 
465 342 207 469 332 207 472 339 206 
411 379 231 431 375 226 433 383 223 
411 379 231 433 383 223 410 386 228 
431 375 226 447 367 220 450 372 219 
431 375 226 450 372 219 433 383 223 
468 465 204 453 471 207 454 460 211 
468 465 204 454 460 211 466 453 208 
476 432 208 486 419 207 494 432 203 
476 432 208 494 432 203 481 445 205 
432 480 214 436 463 217 444 455 214 
432 480 214 444 455 214 443 470 213 
416 504 215 417 490 220 424 486 217 
416 504 215 424 486 217 423 499 212 
444 455 214 454 448 212 454 460 211 
444 455 214 454 460 211 443 470 213 
433 541 214 440 523 209 457 533 209 
433 541 214 457 533 209 460 551 213 
474 527 207 479 539 207 457 533 209 
474 527 207 457 533 209 457 521 208 
507 564 195 509 581 189 489 594 198 
507 564 195 489 594 198 487 572 203 
445 509 205 440 500 204 442 498 203 
445 509 205 442 498 203 445 506 204 
442 498 201 445 501 202 445 506 204 
442 498 201 445 506 204 442 498 203 
445 501 202 442 498 201 442 498 200 
445 501 202 442 498 200 443 501 200 
530 535 171 531 540 160 525 571 168 
530 535 171 525 571 168 521 559 179 
494 325 89 487 342 89 500 330 103 
494 325 89 500 330 103 500 306 105 
430 225 153 432 247 156 400 229 165 
430 225 153 400 229 165 400 211 160 
506 341 124 508 347 113 511 377 110 
506 341 124 511 377 110 516 374 119 
459 335 211 463 339 208 459 344 208 
459 335 211 459 344 208 456 343 211 
506 341 124 508 341 131 491 313 141 
506 341 124 491 313 141 489 302 132 
506 341 124 516 374 119 518 373 126 
506 341 124 518 373 126 508 341 131 
456 430 68 426 429 64 428 459 60 
456 430 68 428 459 60 461 461 63 
400 388 73 400 408 68 424 407 69 
400 388 73 424 407 69 422 387 74 
400 408 68 400 430 63 426 429 64 
400 408 68 426 429 64 424 407 69 
430 582 64 400 581 63 400 622 74 
430 582 64 400 622 74 426 622 74 
400 658 89 423 657 89 426 622 74 
400 658 89 426 622 74 400 622 74 
422 387 74 422 366 76 400 367 76 
422 387 74 400 367 76 400 388 73 
466 542 63 431 540 59 430 582 64 
466 542 63 430 582 64 462 583 67 
400 658 89 400 683 106 421 681 106 
400 658 89 421 681 106 423 657 89 
489 302 132 502 317 117 508 347 113 
489 302 132 508 347 113 506 341 124 
508 347 113 502 317 117 500 330 103 
508 347 113 500 330 103 500 355 101 
487 342 89 482 361 88 500 355 101 
487 342 89 500 355 101 500 330 103 
482 361 88 487 342 89 452 345 81 
482 361 88 452 345 81 450 365 80 
422 366 76 423 346 78 400 346 78 
422 366 76 400 346 78 400 367 76 
522 547 88 499 544 72 494 585 76 
522 547 88 494 585 76 516 589 91 
400 538 58 431 540 59 431 498 58 
400 538 58 431 498 58 400 496 57 
499 544 72 498 503 72 465 500 62 
499 544 72 465 500 62 466 542 63 
534 513 120 529 505 105 531 549 104 
534 513 120 531 549 104 534 549 119 
465 603 206 470 634 199 445 640 204 
465 603 206 445 640 204 440 606 210 
400 643 206 400 607 212 419 607 212 
400 643 206 419 607 212 422 642 206 
419 607 212 417 572 215 436 573 215 
419 607 212 436 573 215 440 606 210 
400 696 173 400 674 193 423 672 192 
400 696 173 423 672 192 423 694 172 
422 642 206 423 672 192 400 674 193 
422 642 206 400 674 193 400 643 206 
524 461 184 520 446 189 529 433 183 
524 461 184 529 433 183 532 452 177 
532 452 177 529 433 183 533 418 175 
532 452 177 533 418 175 536 439 170 
538 425 160 536 439 170 533 418 175 
538 425 160 533 418 175 530 402 165 
469 286 191 486 305 183 479 314 195 
469 286 191 479 314 195 469 299 199 
459 335 211 463 325 209 469 332 207 
459 335 211 469 332 207 463 339 208 
456 343 211 459 344 208 456 348 207 
456 343 211 456 348 207 453 349 210 
453 349 210 456 348 207 454 350 205 
453 349 210 454 350 205 448 352 207 
504 491 193 509 487 189 512 495 187 
504 491 193 512 495 187 508 496 190 
504 496 192 502 497 193 499 495 196 
504 496 192 499 495 196 501 494 195 
502 497 193 500 497 192 497 496 196 
502 497 193 497 496 196 499 495 196 
501 494 195 504 491 193 508 496 190 
501 494 195 508 496 190 504 496 192 
498 645 176 495 621 190 515 600 179 
498 645 176 515 600 179 517 617 165 
473 660 184 470 634 199 495 621 190 
473 660 184 495 621 190 498 645 176 
521 559 179 525 571 168 515 600 179 
521 559 179 515 600 179 509 581 189 
508 520 196 513 511 191 519 518 189 
508 520 196 519 518 189 512 529 195 
508 520 196 512 529 195 498 538 201 
508 520 196 498 538 201 493 526 203 
493 526 203 498 538 201 479 539 207 
493 526 203 479 539 207 474 527 207 
483 358 205 493 364 201 490 380 205 
483 358 205 490 380 205 480 370 207 
454 304 209 452 317 212 437 314 215 
454 304 209 437 314 215 440 299 213 
454 304 209 467 312 206 463 325 209 
454 304 209 463 325 209 452 317 212 
492 348 198 483 346 203 480 334 202 
492 348 198 480 334 202 487 331 196 
448 392 216 459 406 210 454 416 211 
448 392 216 454 416 211 441 404 216 
429 430 217 421 416 219 441 415 216 
429 430 217 441 415 216 437 422 219 
450 420 218 455 431 213 450 440 219 
450 420 218 450 440 219 446 427 222 
450 420 218 440 422 220 437 422 219 
450 420 218 437 422 219 441 415 216 
420 518 212 429 510 209 440 523 209 
420 518 212 440 523 209 433 541 214 
520 446 189 514 432 195 523 417 189 
520 446 189 523 417 189 529 433 183 
444 271 183 441 266 193 423 265 193 
444 271 183 423 265 193 425 266 182 
414 360 213 400 359 214 399 358 219 
414 360 213 399 358 219 415 358 218 
415 358 218 418 351 226 435 352 220 
415 358 218 435 352 220 429 357 215 
424 325 222 399 326 223 400 316 218 
424 325 222 400 316 218 421 316 217 
398 338 229 399 326 223 424 325 222 
398 338 229 424 325 222 423 337 227 
424 300 216 421 316 217 400 316 218 
424 300 216 400 316 218 400 302 218 
424 300 216 400 302 218 400 280 215 
424 300 216 400 280 215 425 280 214 
502 479 194 488 470 200 507 458 194 
502 479 194 507 458 194 513 471 189 
488 470 200 502 479 194 496 486 198 
488 470 200 496 486 198 482 483 202 
478 493 204 480 489 203 493 490 200 
478 493 204 493 490 200 491 493 200 
478 493 204 477 494 203 463 495 203 
478 493 204 463 495 203 463 493 204 
488 470 200 467 475 203 468 465 204 
488 470 200 468 465 204 484 457 203 
468 465 204 466 453 208 481 445 205 
468 465 204 481 445 205 484 457 203 
400 418 232 408 420 231 411 433 237 
400 418 232 411 433 237 400 432 239 
414 424 229 408 420 231 407 413 223 
414 424 229 407 413 223 413 421 222 
441 483 209 453 471 207 451 480 204 
441 483 209 451 480 204 440 490 205 
488 517 203 503 509 196 506 513 196 
488 517 203 506 513 196 490 519 203 
480 489 203 464 489 204 465 483 203 
480 489 203 465 483 203 482 483 202 
510 507 191 507 502 192 506 499 191 
510 507 191 506 499 191 510 501 190 
450 492 204 443 494 203 441 492 203 
450 492 204 441 492 203 450 486 203 
455 516 207 445 509 205 445 506 204 
455 516 207 445 506 204 453 513 206 
455 516 207 453 513 206 469 518 207 
455 516 207 469 518 207 470 520 207 
450 486 203 465 483 203 464 489 204 
450 486 203 464 489 204 450 492 204 
501 494 195 499 495 196 491 493 200 
501 494 195 491 493 200 493 490 200 
493 490 200 480 489 203 482 483 202 
493 490 200 482 483 202 496 486 198 
499 495 196 497 496 196 490 494 200 
499 495 196 490 494 200 491 493 200 
440 500 204 445 509 205 444 512 206 
440 500 204 444 512 206 436 500 206 
431 493 210 423 499 212 424 486 217 
431 493 210 424 486 217 432 480 214 
437 427 220 446 427 222 435 433 226 
437 427 220 435 433 226 429 431 224 
446 427 222 450 440 219 438 445 226 
446 427 222 438 445 226 435 433 226 
535 510 166 530 535 171 527 530 179 
535 510 166 527 530 179 530 510 174 
532 488 172 535 485 165 535 510 166 
532 488 172 535 510 166 530 510 174 
536 461 166 531 469 173 532 452 177 
536 461 166 532 452 177 536 439 170 
512 364 182 522 382 173 526 401 181 
512 364 182 526 401 181 516 386 189 
526 401 181 522 382 173 530 402 165 
526 401 181 530 402 165 533 418 175 
506 342 175 512 364 182 501 353 191 
506 342 175 501 353 191 494 331 186 
505 373 196 493 364 201 492 348 198 
505 373 196 492 348 198 501 353 191 
536 411 150 538 425 160 530 402 165 
536 411 150 530 402 165 530 381 156 
483 346 203 492 348 198 493 364 201 
483 346 203 493 364 201 483 358 205 
480 334 202 483 346 203 474 345 207 
480 334 202 474 345 207 472 339 206 
462 347 207 466 346 207 466 350 209 
462 347 207 466 350 209 461 350 208 
535 485 165 536 461 166 540 452 157 
535 485 165 540 452 157 538 479 155 
537 501 134 534 513 120 534 549 119 
537 501 134 534 549 119 535 547 134 
509 487 189 504 491 193 496 486 198 
509 487 189 496 486 198 502 479 194 
504 491 193 501 494 195 493 490 200 
504 491 193 493 490 200 496 486 198 
538 425 160 540 452 157 536 461 166 
538 425 160 536 461 166 536 439 170 
408 406 220 400 405 220 400 393 223 
408 406 220 400 393 223 410 395 224 
476 432 208 468 419 209 477 407 209 
476 432 208 477 407 209 486 419 207 
459 406 210 468 419 209 460 428 210 
459 406 210 460 428 210 454 416 211 
448 392 216 457 380 215 466 394 210 
448 392 216 466 394 210 459 406 210 
457 380 215 448 392 216 433 383 223 
457 380 215 433 383 223 450 372 219 
441 404 216 425 397 223 433 383 223 
441 404 216 433 383 223 448 392 216 
447 367 220 445 357 218 451 353 212 
447 367 220 451 353 212 454 359 215 
445 357 218 441 353 214 448 351 210 
445 357 218 448 351 210 451 353 212 
448 351 210 441 353 214 437 361 211 
448 351 210 437 361 211 446 358 207 
447 367 220 454 359 215 458 363 215 
447 367 220 458 363 215 450 372 219 
421 432 231 422 428 227 429 431 224 
421 432 231 429 431 224 435 433 226 
434 457 223 442 451 217 436 463 217 
434 457 223 436 463 217 427 469 220 
429 510 209 423 499 212 431 493 210 
429 510 209 431 493 210 436 500 206 
420 518 212 416 504 215 423 499 212 
420 518 212 423 499 212 429 510 209 
410 522 214 408 506 217 416 504 215 
410 522 214 416 504 215 420 518 212 
400 523 215 400 507 218 408 506 217 
400 523 215 408 506 217 410 522 214 
421 681 106 420 698 126 444 692 125 
421 681 106 444 692 125 444 676 105 
448 690 170 446 698 148 422 703 149 
448 690 170 422 703 149 423 694 172 
447 669 190 473 660 184 474 680 166 
447 669 190 474 680 166 448 690 170 
522 547 88 531 549 104 529 505 105 
522 547 88 529 505 105 521 506 87 
469 332 207 463 325 209 467 312 206 
469 332 207 467 312 206 474 324 203 
423 337 227 418 351 226 399 350 227 
423 337 227 399 350 227 398 338 229 
500 497 191 500 497 192 501 498 191 
500 497 191 501 498 191 503 500 189 
458 244 144 462 271 146 432 247 156 
458 244 144 432 247 156 430 225 153 
502 317 117 498 287 119 500 306 105 
502 317 117 500 306 105 500 330 103 
452 345 81 455 328 81 424 328 79 
452 345 81 424 328 79 423 346 78 
489 302 132 485 266 134 498 287 119 
489 302 132 498 287 119 502 317 117 
489 302 132 491 313 141 466 286 156 
489 302 132 466 286 156 462 271 146 
423 346 78 424 328 79 400 327 79 
423 346 78 400 327 79 400 346 78 
468 667 105 474 648 93 448 653 90 
468 667 105 448 653 90 444 676 105 
479 385 87 482 361 88 450 365 80 
479 385 87 450 365 80 450 386 78 
426 622 74 456 621 76 462 583 67 
426 622 74 462 583 67 430 582 64 
452 407 74 456 430 68 487 434 78 
452 407 74 487 434 78 480 410 84 
450 386 78 452 407 74 480 410 84 
450 386 78 480 410 84 479 385 87 
498 503 72 493 465 74 461 461 63 
498 503 72 461 461 63 465 500 62 
499 544 72 466 542 63 462 583 67 
499 544 72 462 583 67 494 585 76 
450 365 80 452 345 81 423 346 78 
450 365 80 423 346 78 422 366 76 
466 542 63 465 500 62 431 498 58 
466 542 63 431 498 58 431 540 59 
455 328 81 452 345 81 487 342 89 
455 328 81 487 342 89 494 325 89 
500 445 199 514 432 195 520 446 189 
500 445 199 520 446 189 507 458 194 
531 469 173 532 488 172 526 491 178 
531 469 173 526 491 178 525 476 180 
525 571 168 527 581 154 517 617 165 
525 571 168 517 617 165 515 600 179 
525 571 168 531 540 160 533 544 147 
525 571 168 533 544 147 527 581 154 
504 626 96 487 653 102 492 661 118 
504 626 96 492 661 118 512 632 112 
485 621 83 456 621 76 448 653 90 
485 621 83 448 653 90 474 648 93 
481 445 205 494 432 203 500 445 199 
481 445 205 500 445 199 484 457 203 
468 419 209 459 406 210 466 394 210 
468 419 209 466 394 210 477 407 209 
494 432 203 486 419 207 495 405 204 
494 432 203 495 405 204 506 418 201 
477 407 209 484 394 207 495 405 204 
477 407 209 495 405 204 486 419 207 
466 394 210 457 380 215 464 370 213 
466 394 210 464 370 213 474 382 209 
450 372 219 458 363 215 464 370 213 
450 372 219 464 370 213 457 380 215 
408 406 220 407 413 223 400 413 223 
408 406 220 400 413 223 400 405 220 
450 420 218 441 415 216 453 423 211 
450 420 218 453 423 211 455 431 213 
536 448 121 544 453 124 542 448 127 
536 448 121 542 448 127 530 437 123 
543 474 128 542 448 127 544 453 124 
543 474 128 544 453 124 548 469 125 
546 494 122 543 474 128 548 469 125 
546 494 122 548 469 125 552 488 121 
547 496 112 546 494 122 552 488 121 
547 496 112 552 488 121 554 491 112 
544 486 105 547 496 112 554 491 112 
544 486 105 554 491 112 552 482 107 
543 465 101 544 486 105 552 482 107 
543 465 101 552 482 107 552 465 104 
538 434 103 543 465 101 552 465 104 
538 434 103 552 465 104 547 436 105 
537 398 116 534 411 109 542 414 111 
537 398 116 542 414 111 542 403 117 
537 387 123 537 398 116 542 403 117 
537 387 123 542 403 117 544 393 124 
546 485 120 552 488 121 548 469 125 
546 485 120 548 469 125 540 471 122 
547 487 113 554 491 112 552 488 121 
547 487 113 552 488 121 546 485 120 
546 481 108 552 482 107 554 491 112 
546 481 108 554 491 112 547 487 113 
546 467 106 552 465 104 552 482 107 
546 467 106 552 482 107 546 481 108 
552 465 104 546 467 106 542 439 106 
552 465 104 542 439 106 547 436 105 
542 414 111 540 415 113 543 408 119 
542 414 111 543 408 119 542 403 117 
544 404 126 544 393 124 542 403 117 
544 404 126 542 403 117 543 408 119 
540 408 131 538 394 130 544 393 124 
540 408 131 544 393 124 544 404 126 
534 425 120 530 437 123 532 425 125 
534 425 120 532 425 125 532 417 124 
539 456 133 542 448 127 543 474 128 
539 456 133 543 474 128 539 481 130 
543 474 128 546 494 122 537 494 122 
543 474 128 537 494 122 539 481 130 
535 489 110 537 494 122 546 494 122 
535 489 110 546 494 122 547 496 112 
528 466 104 535 489 110 544 486 105 
528 466 104 544 486 105 543 465 101 
528 466 104 543 465 101 538 434 103 
528 466 104 538 434 103 524 437 105 
534 411 109 537 398 116 523 399 116 
534 411 109 523 399 116 521 414 109 
537 387 123 527 391 124 523 399 116 
537 387 123 523 399 116 537 398 116 
537 387 123 538 394 130 531 397 131 
537 387 123 531 397 131 527 391 124 
540 408 131 536 411 133 531 397 131 
540 408 131 531 397 131 538 394 130 
548 469 125 544 453 124 536 448 121 
548 469 125 536 448 121 540 471 122 
534 425 120 542 418 121 540 424 115 
534 425 120 540 424 115 539 438 117 
534 425 120 532 417 124 541 413 126 
534 425 120 541 413 126 542 418 121 
541 413 126 532 417 124 532 425 125 
541 413 126 532 425 125 544 423 128 
532 425 125 530 437 123 542 448 127 
532 425 125 542 448 127 544 423 128 
547 487 113 546 465 115 546 467 106 
547 487 113 546 467 106 546 481 108 
546 465 115 544 438 110 542 439 106 
546 465 115 542 439 106 546 467 106 
540 415 113 542 414 111 547 436 105 
540 415 113 547 436 105 542 439 106 
547 436 105 542 414 111 534 411 109 
547 436 105 534 411 109 538 434 103 
521 414 109 524 437 105 538 434 103 
521 414 109 538 434 103 534 411 109 
546 465 115 547 487 113 546 485 120 
546 465 115 546 485 120 540 471 122 
540 424 115 540 415 113 542 439 106 
540 424 115 542 439 106 544 438 110 
530 437 123 534 425 120 539 438 117 
530 437 123 539 438 117 536 448 121 
540 408 131 544 404 126 541 413 126 
540 408 131 541 413 126 544 423 128 
540 424 115 542 418 121 543 408 119 
540 424 115 543 408 119 540 415 113 
542 448 127 539 456 133 538 430 133 
542 448 127 538 430 133 544 423 128 
538 430 133 536 411 133 540 408 131 
538 430 133 540 408 131 544 423 128 
516 439 101 524 437 105 521 414 109 
516 439 101 521 414 109 515 407 107 
516 439 101 521 470 100 528 466 104 
516 439 101 528 466 104 524 437 105 
523 399 116 516 374 119 511 377 110 
523 399 116 511 377 110 515 407 107 
523 399 116 527 391 124 518 373 126 
523 399 116 518 373 126 516 374 119 
521 470 100 529 505 105 535 489 110 
521 470 100 535 489 110 528 466 104 
514 470 89 521 506 87 529 505 105 
514 470 89 529 505 105 521 470 100 
499 382 99 501 410 96 515 407 107 
499 382 99 515 407 107 511 377 110 
501 410 96 507 439 92 516 439 101 
501 410 96 516 439 101 515 407 107 
539 456 133 541 463 138 539 434 139 
539 456 133 539 434 139 538 430 133 
536 411 133 534 399 139 526 378 132 
536 411 133 526 378 132 531 397 131 
541 413 126 544 404 126 543 408 119 
541 413 126 543 408 119 542 418 121 
537 501 134 539 481 130 537 494 122 
537 501 134 537 494 122 534 513 120 
531 397 131 526 378 132 518 373 126 
531 397 131 518 373 126 527 391 124 
400 260 182 400 264 172 430 269 171 
400 260 182 430 269 171 425 266 182 
429 510 209 436 500 206 444 512 206 
429 510 209 444 512 206 440 523 209 
526 491 178 519 492 184 518 481 185 
526 491 178 518 481 185 525 476 180 
541 463 138 541 471 146 542 441 148 
541 463 138 542 441 148 539 434 139 
532 488 172 531 469 173 536 461 166 
532 488 172 536 461 166 535 485 165 
538 479 155 540 452 157 542 441 148 
538 479 155 542 441 148 541 471 146 
519 492 184 512 495 187 509 487 189 
519 492 184 509 487 189 518 481 185 
534 399 139 536 411 133 538 430 133 
534 399 139 538 430 133 539 434 139 
421 432 231 414 424 229 416 427 227 
421 432 231 416 427 227 422 428 227 
458 363 215 463 356 211 470 361 210 
458 363 215 470 361 210 464 370 213 
474 352 208 470 361 210 463 356 211 
474 352 208 463 356 211 466 350 209 
472 339 206 474 345 207 466 346 207 
472 339 206 466 346 207 465 342 207 
500 445 199 507 458 194 488 470 200 
500 445 199 488 470 200 484 457 203 
489 302 132 462 271 146 458 244 144 
489 302 132 458 244 144 485 266 134 
493 465 74 498 503 72 521 506 87 
493 465 74 521 506 87 514 470 89 
400 459 59 428 459 60 426 429 64 
400 459 59 426 429 64 400 430 63 
428 459 60 431 498 58 465 500 62 
428 459 60 465 500 62 461 461 63 
493 465 74 487 434 78 456 430 68 
493 465 74 456 430 68 461 461 63 
516 439 101 507 439 92 514 470 89 
516 439 101 514 470 89 521 470 100 
539 456 133 539 481 130 537 501 134 
539 456 133 537 501 134 541 463 138 
446 698 148 472 687 144 469 681 122 
446 698 148 469 681 122 444 692 125 
515 634 129 528 592 122 525 592 106 
515 634 129 525 592 106 512 632 112 
496 666 137 515 634 129 512 632 112 
496 666 137 512 632 112 492 661 118 
400 705 150 422 703 149 420 698 126 
400 705 150 420 698 126 400 699 127 
529 505 105 534 513 120 537 494 122 
529 505 105 537 494 122 535 489 110 
433 541 214 413 544 215 410 522 214 
433 541 214 410 522 214 420 518 212 
400 543 216 400 523 215 410 522 214 
400 543 216 410 522 214 413 544 215 
413 353 211 427 351 208 432 333 201 
413 353 211 432 333 201 400 338 205 
450 338 198 432 333 201 439 348 205 
450 338 198 439 348 205 448 347 202 
457 350 197 450 338 198 448 347 202 
457 350 197 448 347 202 455 350 200 
458 355 199 457 350 197 455 350 200 
458 355 199 455 350 200 457 352 200 
447 374 200 424 404 182 444 360 180 
447 374 200 444 360 180 453 359 192 
456 362 198 453 359 192 457 350 197 
456 362 198 457 350 197 458 355 199 
450 338 198 450 342 188 426 325 182 
450 338 198 426 325 182 432 333 201 
502 500 192 499 504 196 499 513 195 
502 500 192 499 513 195 504 505 190 
484 519 202 499 513 195 499 504 196 
484 519 202 499 504 196 485 511 203 
445 495 196 441 500 195 443 498 198 
445 495 196 443 498 198 443 495 199 
445 495 196 443 495 199 451 494 201 
445 495 196 451 494 201 456 490 198 
497 495 194 493 495 190 476 490 196 
497 495 194 476 490 196 488 492 199 
467 517 203 468 512 205 452 508 203 
467 517 203 452 508 203 450 512 201 
477 494 203 490 494 200 488 492 199 
477 494 203 488 492 199 476 492 202 
477 494 203 476 492 202 462 492 202 
477 494 203 462 492 202 463 495 203 
493 495 190 500 497 191 503 500 189 
493 495 190 503 500 189 496 505 188 
497 496 196 500 497 192 500 497 191 
497 496 196 500 497 191 497 495 194 
496 505 188 504 505 190 499 513 195 
496 505 188 499 513 195 489 517 192 
489 517 192 499 513 195 484 519 202 
489 517 192 484 519 202 472 521 198 
443 501 200 443 505 199 450 512 201 
443 501 200 450 512 201 452 508 203 
450 512 201 452 514 196 472 521 198 
450 512 201 472 521 198 467 517 203 
462 492 202 476 492 202 476 490 196 
462 492 202 476 490 196 456 490 198 
443 505 199 445 507 196 452 514 196 
443 505 199 452 514 196 450 512 201 
443 501 198 443 498 198 441 500 195 
443 501 198 441 500 195 445 507 196 
486 305 183 469 286 191 461 275 185 
486 305 183 461 275 185 475 287 175 
424 265 205 425 280 214 400 280 215 
424 265 205 400 280 215 400 269 204 
400 264 172 400 248 168 433 263 162 
400 264 172 433 263 162 430 269 171 
475 287 175 461 275 185 444 271 183 
475 287 175 444 271 183 453 279 171 
508 341 131 518 373 126 526 378 132 
508 341 131 526 378 132 520 345 137 
540 424 115 544 438 110 546 465 115 
540 424 115 546 465 115 539 438 117 
437 427 220 429 431 224 418 432 222 
437 427 220 418 432 222 429 430 217 
437 422 219 440 422 220 437 427 220 
437 422 219 437 427 220 429 430 217 
427 383 204 400 381 205 400 407 182 
427 383 204 400 407 182 424 404 182 
432 333 201 426 325 182 400 329 183 
432 333 201 400 329 183 400 338 205 
426 325 182 418 367 166 400 367 166 
426 325 182 400 367 166 400 329 183 
424 404 182 400 407 182 400 367 166 
424 404 182 400 367 166 418 367 166 
512 299 89 521 288 87 476 280 75 
512 299 89 476 280 75 467 296 78 
423 164 152 455 174 148 454 211 145 
423 164 152 454 211 145 426 197 151 
501 281 106 499 254 121 511 216 123 
501 281 106 511 216 123 508 258 105 
532 210 116 527 246 104 508 258 105 
532 210 116 508 258 105 511 216 123 
424 127 156 432 103 163 465 118 161 
424 127 156 465 118 161 456 139 154 
521 288 87 527 246 104 555 237 101 
521 288 87 555 237 101 538 270 84 
517 172 133 536 152 140 555 170 127 
517 172 133 555 170 127 534 182 125 
456 139 154 465 118 161 502 132 152 
456 139 154 502 132 152 486 148 143 
502 132 152 536 152 140 517 172 133 
502 132 152 517 172 133 486 148 143 
491 261 71 441 247 67 434 272 73 
491 261 71 434 272 73 476 280 75 
434 272 73 400 273 72 400 294 76 
434 272 73 400 294 76 430 293 77 
400 248 68 400 273 72 434 272 73 
400 248 68 434 272 73 441 247 67 
521 288 87 538 270 84 491 261 71 
521 288 87 491 261 71 476 280 75 
508 258 105 527 246 104 521 288 87 
508 258 105 521 288 87 512 299 89 
511 216 123 517 172 133 534 182 125 
511 216 123 534 182 125 532 210 116 
555 170 127 558 199 113 532 210 116 
555 170 127 532 210 116 534 182 125 
555 237 101 527 246 104 532 210 116 
555 237 101 532 210 116 558 199 113 
460 313 80 427 311 79 424 328 79 
460 313 80 424 328 79 455 328 81 
485 189 138 511 216 123 499 254 121 
485 189 138 499 254 121 486 230 136 
485 189 138 486 230 136 454 211 145 
485 189 138 454 211 145 455 174 148 
400 310 79 400 327 79 424 328 79 
400 310 79 424 328 79 427 311 79 
423 164 152 424 127 156 456 139 154 
423 164 152 456 139 154 455 174 148 
486 148 143 517 172 133 511 216 123 
486 148 143 511 216 123 485 189 138 
485 189 138 455 174 148 456 139 154 
485 189 138 456 139 154 486 148 143 
400 121 152 424 127 156 423 164 152 
400 121 152 423 164 152 400 162 151 
501 281 106 508 258 105 512 299 89 
501 281 106 512 299 89 502 313 90 
432 103 163 424 127 156 400 121 152 
432 103 163 400 121 152 400 94 160 
501 281 106 502 313 90 494 325 89 
501 281 106 494 325 89 500 306 105 
400 190 156 426 197 151 430 225 153 
400 190 156 430 225 153 400 211 160 
476 280 75 434 272 73 430 293 77 
476 280 75 430 293 77 467 296 78 
502 313 90 460 313 80 455 328 81 
502 313 90 455 328 81 494 325 89 
426 197 151 454 211 145 458 244 144 
426 197 151 458 244 144 430 225 153 
500 306 105 498 287 119 499 254 121 
500 306 105 499 254 121 501 281 106 
467 296 78 430 293 77 427 311 79 
467 296 78 427 311 79 460 313 80 
486 230 136 499 254 121 498 287 119 
486 230 136 498 287 119 485 266 134 
454 211 145 486 230 136 485 266 134 
454 211 145 485 266 134 458 244 144 
400 294 76 400 310 79 427 311 79 
400 294 76 427 311 79 430 293 77 
400 162 151 423 164 152 426 197 151 
400 162 151 426 197 151 400 190 156 
512 299 89 467 296 78 460 313 80 
512 299 89 460 313 80 502 313 90 
400 218 62 400 248 68 441 247 67 
400 218 62 441 247 67 449 221 61 
560 250 81 538 270 84 555 237 101 
560 250 81 555 237 101 584 225 99 
538 270 84 560 250 81 507 236 67 
538 270 84 507 236 67 491 261 71 
482 89 166 465 118 161 432 103 163 
482 89 166 432 103 163 439 75 171 
560 135 145 536 152 140 502 132 152 
560 135 145 502 132 152 524 111 158 
555 237 101 558 199 113 590 192 114 
555 237 101 590 192 114 584 225 99 
584 162 130 555 170 127 536 152 140 
584 162 130 536 152 140 560 135 145 
507 236 67 449 221 61 441 247 67 
507 236 67 441 247 67 491 261 71 
439 75 171 432 103 163 400 94 160 
439 75 171 400 94 160 400 68 168 
465 118 161 482 89 166 524 111 158 
465 118 161 524 111 158 502 132 152 
584 162 130 590 192 114 558 199 113 
584 162 130 558 199 113 555 170 127 
499 504 196 500 503 196 485 512 204 
499 504 196 485 512 204 485 511 203 
458 348 206 461 346 207 462 347 207 
458 348 206 462 347 207 458 349 206 
502 500 192 501 498 191 503 498 192 
502 500 192 503 498 192 502 499 192 
457 350 197 453 359 192 450 342 188 
457 350 197 450 342 188 450 338 198 
499 504 196 502 500 192 502 499 192 
499 504 196 502 499 192 500 503 196 
456 350 204 458 348 206 458 349 206 
456 350 204 458 349 206 457 351 204 
453 352 207 456 351 205 458 350 207 
453 352 207 458 350 207 455 351 209 
352 347 202 346 350 200 347 352 202 
352 347 202 347 352 202 353 352 204 
373 383 204 400 381 205 389 364 214 
373 383 204 389 364 214 374 363 213 
387 353 211 373 351 208 373 358 211 
387 353 211 373 358 211 385 360 213 
361 348 205 361 354 207 373 358 211 
361 348 205 373 358 211 373 351 208 
361 348 205 352 347 202 353 352 204 
361 348 205 353 352 204 361 354 207 
344 356 202 343 353 201 342 355 199 
344 356 202 342 355 199 344 362 198 
343 352 200 345 352 202 347 352 202 
343 352 200 347 352 202 346 350 200 
342 355 199 343 353 201 345 352 202 
342 355 199 345 352 202 343 352 200 
344 356 202 344 362 198 354 374 200 
344 356 202 354 374 200 349 357 204 
387 353 211 385 360 213 400 359 214 
387 353 211 400 359 214 400 354 211 
373 383 204 363 361 211 354 358 207 
373 383 204 354 358 207 354 374 200 
326 287 175 314 305 183 298 320 169 
326 287 175 298 320 169 310 301 162 
287 403 195 285 386 188 296 374 195 
287 403 195 296 374 195 298 391 200 
319 361 88 301 355 101 301 382 99 
319 361 88 301 382 99 321 385 87 
263 505 145 263 501 134 260 463 138 
263 505 145 260 463 138 259 471 146 
334 286 156 338 271 146 367 247 156 
334 286 156 367 247 156 366 263 162 
339 275 185 347 269 192 345 276 198 
339 275 185 345 276 198 331 286 191 
366 263 162 370 269 171 347 278 171 
366 263 162 347 278 171 334 286 156 
334 286 156 347 278 171 326 287 175 
334 286 156 326 287 175 310 301 162 
273 592 122 267 550 119 266 547 134 
273 592 122 266 547 134 272 589 138 
272 530 179 280 550 186 279 559 179 
272 530 179 279 559 179 270 535 171 
293 513 196 291 520 196 285 511 191 
293 513 196 285 511 191 289 506 191 
283 539 191 280 550 186 272 530 179 
283 539 191 272 530 179 276 524 185 
296 510 195 292 503 192 297 499 192 
296 510 195 297 499 192 299 504 196 
273 581 154 272 589 138 266 547 134 
273 581 154 266 547 134 267 544 147 
283 539 191 276 524 185 280 517 189 
283 539 191 280 517 189 286 529 195 
311 594 198 313 572 203 338 575 211 
311 594 198 338 575 211 336 603 206 
338 575 211 313 572 203 314 555 207 
338 575 211 314 555 207 340 551 213 
311 594 198 336 603 206 330 634 199 
311 594 198 330 634 199 306 622 190 
331 518 206 332 513 206 348 508 204 
331 518 206 348 508 204 347 513 205 
348 508 203 348 508 204 332 513 206 
348 508 203 332 513 206 333 512 205 
340 551 213 314 555 207 320 539 207 
340 551 213 320 539 207 342 533 209 
325 527 207 329 520 207 345 516 206 
325 527 207 345 516 206 343 521 208 
382 433 222 383 428 227 377 429 227 
382 433 222 377 429 227 370 431 224 
260 452 157 259 441 148 264 411 150 
260 452 157 264 411 150 262 425 160 
289 364 182 278 382 173 279 358 165 
289 364 182 279 358 165 295 342 175 
334 350 209 325 352 208 326 345 207 
334 350 209 326 345 207 333 346 207 
278 382 173 270 402 165 271 381 156 
278 382 173 271 381 156 279 358 165 
296 374 195 307 364 201 310 380 205 
296 374 195 310 380 205 298 391 200 
343 353 201 344 356 202 344 351 205 
343 353 201 344 351 205 343 351 204 
347 352 207 344 351 205 344 356 202 
347 352 207 344 356 202 349 357 204 
337 356 212 334 350 209 338 350 209 
337 356 212 338 350 209 341 353 211 
316 358 205 316 346 203 326 345 207 
316 358 205 326 345 207 325 352 208 
282 481 185 275 475 179 277 461 184 
282 481 185 277 461 184 286 471 189 
286 432 195 277 417 189 287 403 195 
286 432 195 287 403 195 294 418 200 
287 403 195 277 417 189 274 401 181 
287 403 195 274 401 181 285 386 188 
340 335 211 347 331 215 348 343 215 
340 335 211 348 343 215 343 343 211 
327 382 209 320 370 207 328 361 211 
327 382 209 328 361 211 335 370 213 
331 332 207 327 339 206 320 334 202 
331 332 207 320 334 202 325 324 203 
325 352 208 328 361 211 320 370 207 
325 352 208 320 370 207 316 358 205 
348 343 215 353 351 214 347 349 210 
348 343 215 347 349 210 343 343 211 
356 455 214 350 444 212 358 451 217 
356 455 214 358 451 217 364 464 217 
368 480 215 364 464 217 372 469 220 
368 480 215 372 469 220 376 486 217 
360 483 209 357 470 213 368 480 215 
360 483 209 368 480 215 369 493 210 
321 385 87 301 382 99 300 410 96 
321 385 87 300 410 96 320 410 84 
313 331 196 306 331 186 314 305 183 
313 331 196 314 305 183 321 314 195 
295 342 175 279 358 165 283 336 157 
295 342 175 283 336 157 298 320 169 
271 381 156 264 411 150 267 399 139 
271 381 156 267 399 139 271 361 146 
261 434 139 267 399 139 264 411 150 
261 434 139 264 411 150 259 441 148 
354 669 190 378 673 192 377 694 172 
354 669 190 377 694 172 353 690 170 
303 644 176 302 662 158 283 630 147 
303 644 176 283 630 147 284 617 165 
273 592 122 272 589 138 283 630 147 
273 592 122 283 630 147 285 634 129 
338 575 211 363 574 215 360 606 210 
338 575 211 360 606 210 336 603 206 
369 493 210 364 500 206 361 490 205 
369 493 210 361 490 205 360 483 209 
383 490 220 376 486 217 372 469 220 
383 490 220 372 469 220 380 473 224 
360 606 210 381 607 212 379 643 206 
360 606 210 379 643 206 356 641 204 
400 571 215 384 572 216 387 544 216 
400 571 215 387 544 216 400 543 216 
400 607 212 381 607 212 384 572 216 
400 607 212 384 572 216 400 571 215 
294 564 195 295 551 199 314 555 207 
294 564 195 314 555 207 313 572 203 
280 550 186 283 539 191 295 551 199 
280 550 186 295 551 199 294 564 195 
333 475 203 333 465 205 347 471 208 
333 475 203 347 471 208 349 480 204 
358 415 216 358 404 216 374 397 223 
358 415 216 374 397 223 378 416 219 
347 423 211 346 416 211 358 404 216 
347 423 211 358 404 216 358 415 216 
389 387 228 389 395 224 374 397 223 
389 387 228 374 397 223 366 383 223 
346 460 211 334 453 208 335 441 210 
346 460 211 335 441 210 346 448 212 
389 387 228 400 383 227 400 393 223 
389 387 228 400 393 223 389 395 224 
340 428 210 346 416 211 347 423 211 
340 428 210 347 423 211 346 436 211 
335 441 210 340 428 210 346 436 211 
335 441 210 346 436 211 346 448 212 
357 494 203 358 498 203 358 498 201 
357 494 203 358 498 201 357 496 201 
378 673 192 354 669 190 356 641 204 
378 673 192 356 641 204 379 643 206 
326 680 166 353 690 170 354 699 148 
326 680 166 354 699 148 328 686 144 
356 676 105 332 667 105 332 681 122 
356 676 105 332 681 122 357 693 125 
357 693 125 354 699 148 379 703 149 
357 693 125 379 703 149 380 698 126 
367 541 214 363 574 215 338 575 211 
367 541 214 338 575 211 340 551 213 
363 574 215 367 541 214 387 544 216 
363 574 215 387 544 216 384 572 216 
342 533 209 343 521 208 355 513 206 
342 533 209 355 513 206 359 523 209 
341 353 211 345 359 215 341 363 215 
341 353 211 341 363 215 337 356 212 
361 445 226 363 433 227 378 432 231 
361 445 226 378 432 231 373 447 233 
370 431 217 378 416 219 387 422 222 
370 431 217 387 422 222 382 433 222 
367 375 226 366 362 225 386 364 229 
367 375 226 386 364 229 388 380 230 
366 362 225 369 354 219 386 356 222 
366 362 225 386 356 222 386 364 229 
369 354 219 374 363 213 389 364 214 
369 354 219 389 364 214 386 356 222 
374 397 223 389 395 224 392 407 220 
374 397 223 392 407 220 378 416 219 
386 364 229 400 364 228 400 377 231 
386 364 229 400 377 231 388 380 230 
400 364 214 399 357 222 386 356 222 
400 364 214 386 356 222 389 364 214 
378 432 231 388 433 237 386 448 237 
378 432 231 386 448 237 373 447 233 
375 459 229 385 461 233 389 476 227 
375 459 229 389 476 227 380 473 224 
383 490 220 380 473 224 389 476 227 
383 490 220 389 476 227 391 492 223 
383 490 220 391 492 223 391 506 217 
383 490 220 391 506 217 384 504 215 
400 432 239 400 449 238 386 448 237 
400 432 239 386 448 237 388 433 237 
400 449 238 400 462 235 385 461 233 
400 449 238 385 461 233 386 448 237 
273 581 154 284 617 165 283 630 147 
273 581 154 283 630 147 272 589 138 
278 505 185 273 508 180 273 491 178 
278 505 185 273 491 178 280 492 184 
273 508 180 278 505 185 280 517 189 
273 508 180 280 517 189 276 524 185 
269 540 160 267 544 147 263 505 145 
269 540 160 263 505 145 264 508 156 
273 491 178 273 508 180 268 510 174 
273 491 178 268 510 174 268 488 172 
288 502 189 285 503 188 286 494 188 
288 502 189 286 494 188 291 496 190 
259 471 146 262 479 155 264 508 156 
259 471 146 264 508 156 263 505 145 
264 508 156 262 479 155 264 485 165 
264 508 156 264 485 165 265 510 166 
400 248 168 366 263 162 367 247 156 
400 248 168 367 247 156 400 229 165 
331 299 199 344 290 204 345 304 209 
331 299 199 345 304 209 332 312 206 
363 314 216 360 299 213 376 300 216 
363 314 216 376 300 216 379 316 217 
342 348 206 344 348 207 346 350 205 
342 348 206 346 350 205 344 350 204 
344 351 205 342 350 207 341 349 206 
344 351 205 341 349 206 343 351 204 
353 351 214 362 352 220 370 357 215 
353 351 214 370 357 215 360 354 210 
305 405 204 294 418 200 287 403 195 
305 405 204 287 403 195 298 391 200 
306 432 203 300 445 199 286 432 195 
306 432 203 286 432 195 294 418 200 
332 419 209 340 428 210 335 441 210 
332 419 209 335 441 210 324 432 208 
310 380 205 320 370 207 327 382 209 
310 380 205 327 382 209 316 394 207 
280 446 189 294 459 194 286 471 189 
280 446 189 286 471 189 277 461 184 
290 487 190 282 481 185 286 471 189 
290 487 190 286 471 189 297 479 194 
281 345 137 293 341 131 309 313 141 
281 345 137 309 313 141 294 321 149 
272 530 179 268 510 174 273 508 180 
272 530 179 273 508 180 276 524 185 
268 469 173 269 451 177 277 461 184 
268 469 173 277 461 184 275 475 179 
278 505 185 280 492 184 286 494 188 
278 505 185 286 494 188 285 503 188 
400 538 58 369 540 59 371 582 64 
400 538 58 371 582 64 400 581 63 
354 669 190 328 660 184 330 634 199 
354 669 190 330 634 199 356 641 204 
326 680 166 302 662 158 303 644 176 
326 680 166 303 644 176 328 660 184 
353 351 214 360 354 210 351 352 207 
353 351 214 351 352 207 347 349 210 
347 352 207 349 357 204 354 358 207 
347 352 207 354 358 207 352 351 210 
376 265 205 375 280 214 357 284 210 
376 265 205 357 284 210 358 269 202 
310 301 162 298 320 169 283 336 157 
310 301 162 283 336 157 294 321 149 
299 353 191 296 374 195 285 386 188 
299 353 191 285 386 188 289 364 182 
267 418 175 274 401 181 277 417 189 
267 418 175 277 417 189 271 433 183 
380 698 126 400 699 127 400 683 106 
380 698 126 400 683 106 380 681 106 
378 657 89 352 653 90 356 676 105 
378 657 89 356 676 105 380 681 106 
350 496 202 349 497 201 337 495 203 
350 496 202 337 495 203 336 493 204 
335 483 203 333 475 203 349 480 204 
335 483 203 349 480 204 350 486 203 
279 358 165 271 381 156 271 361 146 
279 358 165 271 361 146 283 336 157 
306 622 190 286 600 179 292 581 189 
306 622 190 292 581 189 311 594 198 
325 527 207 305 526 203 309 519 203 
325 527 207 309 519 203 329 520 207 
360 500 204 359 492 203 361 490 205 
360 500 204 361 490 205 364 500 206 
347 513 205 348 508 204 355 501 202 
347 513 205 355 501 202 355 506 204 
350 496 202 336 493 204 336 489 204 
350 496 202 336 489 204 350 492 203 
349 497 201 350 496 202 357 496 201 
349 497 201 357 496 201 357 497 200 
347 423 211 345 431 213 350 444 212 
347 423 211 350 444 212 346 436 211 
347 331 215 346 317 213 363 314 216 
347 331 215 363 314 216 359 327 219 
344 290 204 331 299 199 331 286 191 
344 290 204 331 286 191 345 276 198 
306 331 186 313 331 196 308 348 198 
306 331 186 308 348 198 299 353 191 
323 407 209 316 394 207 327 382 209 
323 407 209 327 382 209 334 395 210 
316 394 207 305 405 204 298 391 200 
316 394 207 298 391 200 310 380 205 
334 342 207 336 339 208 340 344 208 
334 342 207 340 344 208 339 346 207 
345 352 202 344 350 204 346 350 205 
345 352 202 346 350 205 347 352 202 
344 350 204 345 352 202 343 353 201 
344 350 204 343 353 201 343 351 204 
345 359 215 341 353 211 344 351 209 
345 359 215 344 351 209 349 353 213 
334 286 156 310 301 162 294 321 149 
334 286 156 294 321 149 309 313 141 
271 361 146 267 399 139 274 378 132 
271 361 146 274 378 132 281 345 137 
386 424 229 391 420 231 388 433 237 
386 424 229 388 433 237 378 432 231 
385 461 233 400 462 235 400 477 229 
385 461 233 400 477 229 389 476 227 
350 386 78 378 387 74 378 366 76 
350 386 78 378 366 76 350 365 80 
315 512 203 333 512 205 332 513 206 
315 512 203 332 513 206 314 513 204 
332 513 206 331 518 206 312 517 203 
332 513 206 312 517 203 314 513 204 
355 501 202 348 508 204 348 508 203 
355 501 202 348 508 203 357 501 200 
321 314 195 325 324 203 320 334 202 
321 314 195 320 334 202 313 331 196 
346 317 213 347 331 215 340 335 211 
346 317 213 340 335 211 336 325 210 
356 455 214 346 448 212 346 436 211 
356 455 214 346 436 211 350 444 212 
270 535 171 269 540 160 264 508 156 
270 535 171 264 508 156 265 510 166 
391 492 223 389 476 227 400 477 229 
391 492 223 400 477 229 400 493 224 
391 506 217 391 492 223 400 493 224 
391 506 217 400 493 224 400 507 218 
347 352 207 352 351 210 349 353 213 
347 352 207 349 353 213 344 351 209 
357 340 221 348 343 215 347 331 215 
357 340 221 347 331 215 359 327 219 
372 337 227 357 340 221 359 327 219 
372 337 227 359 327 219 374 326 222 
372 469 220 366 457 223 375 459 229 
372 469 220 375 459 229 380 473 224 
379 316 217 374 326 222 359 327 219 
379 316 217 359 327 219 363 314 216 
362 427 220 352 427 223 349 420 218 
362 427 220 349 420 218 359 421 220 
349 440 219 358 451 217 350 444 212 
349 440 219 350 444 212 345 431 213 
366 457 223 358 451 217 349 440 219 
366 457 223 349 440 219 361 445 226 
375 459 229 366 457 223 361 445 226 
375 459 229 361 445 226 373 447 233 
314 555 207 295 551 199 300 537 201 
314 555 207 300 537 201 320 539 207 
333 346 207 334 342 207 339 346 207 
333 346 207 339 346 207 338 347 207 
357 340 221 362 352 220 353 351 214 
357 340 221 353 351 214 348 343 215 
384 358 218 378 351 225 399 350 227 
384 358 218 399 350 227 399 358 219 
378 351 225 362 352 220 357 340 221 
378 351 225 357 340 221 372 337 227 
361 354 207 353 352 204 351 352 207 
361 354 207 351 352 207 360 354 210 
361 354 207 360 354 210 370 357 215 
361 354 207 370 357 215 373 358 211 
373 358 211 370 357 215 384 358 218 
373 358 211 384 358 218 385 360 213 
392 413 224 387 422 222 378 416 219 
392 413 224 378 416 219 392 407 220 
391 420 231 392 413 224 400 413 223 
391 420 231 400 413 223 400 418 232 
383 428 227 382 433 222 387 422 222 
383 428 227 387 422 222 386 424 229 
375 459 229 373 447 233 386 448 237 
375 459 229 386 448 237 385 461 233 
342 348 206 339 346 207 340 344 208 
342 348 206 340 344 208 344 348 207 
336 489 204 336 493 204 321 493 204 
336 489 204 321 493 204 319 489 203 
296 498 192 297 499 192 292 503 192 
296 498 192 292 503 192 292 500 191 
298 497 193 299 497 192 298 498 191 
298 497 193 298 498 191 296 498 192 
377 265 193 400 265 194 400 269 204 
377 265 193 400 269 204 376 265 205 
358 269 202 345 276 198 347 269 192 
358 269 202 347 269 192 359 266 193 
315 621 83 306 585 76 285 589 91 
315 621 83 285 589 91 297 626 96 
315 621 83 297 626 96 314 652 102 
315 621 83 314 652 102 326 648 93 
285 589 91 275 592 106 289 632 112 
285 589 91 289 632 112 297 626 96 
332 667 105 314 652 102 309 662 118 
332 667 105 309 662 118 332 681 122 
375 266 182 356 271 183 347 278 171 
375 266 182 347 278 171 370 269 171 
339 275 185 356 271 183 359 266 193 
339 275 185 359 266 193 347 269 192 
355 513 206 343 521 208 345 516 206 
355 513 206 345 516 206 355 509 205 
378 657 89 374 622 74 345 621 76 
378 657 89 345 621 76 352 653 90 
345 621 76 338 583 67 306 585 76 
345 621 76 306 585 76 315 621 83 
344 430 68 374 429 64 376 407 69 
344 430 68 376 407 69 349 407 74 
349 407 74 376 407 69 378 387 74 
349 407 74 378 387 74 350 386 78 
300 410 96 294 439 92 314 434 78 
300 410 96 314 434 78 320 410 84 
314 434 78 294 439 92 286 470 89 
314 434 78 286 470 89 307 465 74 
400 496 57 400 459 59 372 459 60 
400 496 57 372 459 60 370 498 58 
294 321 149 283 336 157 271 361 146 
294 321 149 271 361 146 281 345 137 
349 480 204 361 490 205 359 492 203 
349 480 204 359 492 203 350 486 203 
347 471 208 346 460 211 357 470 213 
347 471 208 357 470 213 360 483 209 
280 506 87 279 547 88 301 544 72 
280 506 87 301 544 72 302 503 72 
285 589 91 279 547 88 270 549 104 
285 589 91 270 549 104 275 592 106 
267 550 119 273 592 122 275 592 106 
267 550 119 275 592 106 270 549 104 
266 547 134 263 501 134 263 505 145 
266 547 134 263 505 145 267 544 147 
285 503 188 288 502 189 289 506 191 
285 503 188 289 506 191 285 511 191 
286 529 195 300 537 201 295 551 199 
286 529 195 295 551 199 283 539 191 
328 686 144 332 681 122 309 662 118 
328 686 144 309 662 118 305 667 137 
302 662 158 305 667 137 285 634 129 
302 662 158 285 634 129 283 630 147 
328 686 144 305 667 137 302 662 158 
328 686 144 302 662 158 326 680 166 
280 550 186 294 564 195 292 581 189 
280 550 186 292 581 189 279 559 179 
285 503 188 285 511 191 280 517 189 
285 503 188 280 517 189 278 505 185 
375 266 182 400 260 182 400 265 194 
375 266 182 400 265 194 377 265 193 
357 284 210 360 299 213 345 304 209 
357 284 210 345 304 209 344 290 204 
301 355 101 293 347 113 289 377 110 
301 355 101 289 377 110 301 382 99 
333 475 203 335 483 203 317 483 202 
333 475 203 317 483 202 312 470 200 
291 520 196 293 513 196 309 519 203 
291 520 196 309 519 203 305 526 203 
338 350 209 342 350 207 344 351 209 
338 350 209 344 351 209 341 353 211 
338 347 207 341 349 206 342 350 207 
338 347 207 342 350 207 338 350 209 
352 367 220 354 357 218 366 362 225 
352 367 220 366 362 225 367 375 226 
400 383 227 389 387 228 388 380 230 
400 383 227 388 380 230 400 377 231 
366 362 225 354 357 218 358 353 215 
366 362 225 358 353 215 369 354 219 
358 353 215 363 361 211 374 363 213 
358 353 215 374 363 213 369 354 219 
400 364 228 386 364 229 386 356 222 
400 364 228 386 356 222 399 357 222 
400 705 150 379 703 149 377 694 172 
400 705 150 377 694 172 400 696 173 
335 441 210 334 453 208 320 444 205 
335 441 210 320 444 205 324 432 208 
310 494 200 308 493 200 321 493 204 
310 494 200 321 493 204 322 494 203 
296 510 195 299 504 196 314 513 204 
296 510 195 314 513 204 312 517 203 
357 494 203 357 496 201 350 496 202 
357 494 203 350 496 202 350 492 203 
358 498 201 359 498 200 357 497 200 
358 498 201 357 497 200 357 496 201 
357 284 210 344 290 204 345 276 198 
357 284 210 345 276 198 358 269 202 
357 284 210 375 280 214 376 300 216 
357 284 210 376 300 216 360 299 213 
298 499 192 298 498 191 297 500 189 
298 499 192 297 500 189 296 505 190 
349 497 201 357 497 200 357 495 199 
349 497 201 357 495 199 349 494 201 
349 494 201 338 492 202 337 495 203 
349 494 201 337 495 203 349 497 201 
310 494 200 311 492 199 303 495 194 
310 494 200 303 495 194 303 496 196 
315 512 203 316 519 202 333 518 203 
315 512 203 333 518 203 333 512 205 
298 497 193 296 498 192 292 500 191 
298 497 193 292 500 191 295 496 192 
291 496 190 295 496 192 292 500 191 
291 496 190 292 500 191 288 502 189 
289 506 191 292 503 192 296 510 195 
289 506 191 296 510 195 293 513 196 
312 517 203 331 518 206 329 520 207 
312 517 203 329 520 207 309 519 203 
358 498 203 357 494 203 359 492 203 
358 498 203 359 492 203 360 500 204 
332 312 206 325 324 203 321 314 195 
332 312 206 321 314 195 331 299 199 
359 266 193 377 265 193 376 265 205 
359 266 193 376 265 205 358 269 202 
314 305 183 306 331 186 295 342 175 
314 305 183 295 342 175 298 320 169 
347 352 202 346 350 205 351 352 207 
347 352 202 351 352 207 353 352 204 
334 342 207 327 339 206 331 332 207 
334 342 207 331 332 207 336 339 208 
388 380 230 389 387 228 366 383 223 
388 380 230 366 383 223 367 375 226 
367 375 226 366 383 223 350 373 219 
367 375 226 350 373 219 352 367 220 
333 465 205 334 453 208 346 460 211 
333 465 205 346 460 211 347 471 208 
324 432 208 320 444 205 306 432 203 
324 432 208 306 432 203 314 419 207 
368 480 215 357 470 213 356 455 214 
368 480 215 356 455 214 364 464 217 
384 504 215 376 499 212 376 486 217 
384 504 215 376 486 217 383 490 220 
356 455 214 357 470 213 346 460 211 
356 455 214 346 460 211 346 448 212 
367 541 214 340 551 213 342 533 209 
367 541 214 342 533 209 359 523 209 
325 527 207 343 521 208 342 533 209 
325 527 207 342 533 209 320 539 207 
294 564 195 313 572 203 311 594 198 
294 564 195 311 594 198 292 581 189 
355 509 205 355 506 204 358 498 203 
355 509 205 358 498 203 360 500 204 
358 498 201 358 498 203 355 506 204 
358 498 201 355 506 204 355 501 202 
355 501 202 357 501 200 359 498 200 
355 501 202 359 498 200 358 498 201 
270 535 171 279 559 179 276 571 168 
270 535 171 276 571 168 269 540 160 
306 326 89 301 306 105 300 330 103 
306 326 89 300 330 103 313 342 89 
370 224 153 400 211 160 400 229 165 
370 224 153 400 229 165 367 247 156 
294 341 124 285 374 119 289 377 110 
294 341 124 289 377 110 293 347 113 
340 335 211 343 343 211 340 344 208 
340 335 211 340 344 208 336 339 208 
294 341 124 311 302 132 309 313 141 
294 341 124 309 313 141 293 341 131 
294 341 124 293 341 131 282 373 126 
294 341 124 282 373 126 285 374 119 
344 430 68 340 461 63 372 459 60 
344 430 68 372 459 60 374 429 64 
400 388 73 378 387 74 376 407 69 
400 388 73 376 407 69 400 408 68 
400 408 68 376 407 69 374 429 64 
400 408 68 374 429 64 400 430 63 
371 582 64 374 622 74 400 622 74 
371 582 64 400 622 74 400 581 63 
400 658 89 400 622 74 374 622 74 
400 658 89 374 622 74 378 657 89 
378 387 74 400 388 73 400 367 76 
378 387 74 400 367 76 378 366 76 
334 542 63 338 583 67 371 582 64 
334 542 63 371 582 64 369 540 59 
400 658 89 378 657 89 380 681 106 
400 658 89 380 681 106 400 683 106 
311 302 132 294 341 124 293 347 113 
311 302 132 293 347 113 298 317 117 
293 347 113 301 355 101 300 330 103 
293 347 113 300 330 103 298 317 117 
313 342 89 300 330 103 301 355 101 
313 342 89 301 355 101 319 361 88 
319 361 88 350 365 80 349 345 81 
319 361 88 349 345 81 313 342 89 
378 366 76 400 367 76 400 346 78 
378 366 76 400 346 78 377 346 78 
279 547 88 285 589 91 306 585 76 
279 547 88 306 585 76 301 544 72 
400 538 58 400 496 57 370 498 58 
400 538 58 370 498 58 369 540 59 
301 544 72 334 542 63 335 500 62 
301 544 72 335 500 62 302 503 72 
266 513 120 267 550 119 270 549 104 
266 513 120 270 549 104 271 505 105 
336 603 206 360 606 210 356 641 204 
336 603 206 356 641 204 330 634 199 
400 643 206 379 643 206 381 607 212 
400 643 206 381 607 212 400 607 212 
381 607 212 360 606 210 363 574 215 
381 607 212 363 574 215 384 572 216 
400 696 173 377 694 172 378 673 192 
400 696 173 378 673 192 400 674 193 
379 643 206 400 643 206 400 674 193 
379 643 206 400 674 193 378 673 192 
277 461 184 269 451 177 271 433 183 
277 461 184 271 433 183 280 446 189 
269 451 177 264 439 170 267 418 175 
269 451 177 267 418 175 271 433 183 
262 425 160 270 402 165 267 418 175 
262 425 160 267 418 175 264 439 170 
331 286 191 331 299 199 321 314 195 
331 286 191 321 314 195 314 305 183 
340 335 211 336 339 208 331 332 207 
340 335 211 331 332 207 336 325 210 
343 343 211 347 349 210 344 348 207 
343 343 211 344 348 207 340 344 208 
347 349 210 351 352 207 346 350 205 
347 349 210 346 350 205 344 348 207 
295 491 193 291 496 190 286 494 188 
295 491 193 286 494 188 290 487 190 
295 496 192 298 494 195 301 496 196 
295 496 192 301 496 196 298 497 193 
298 497 193 301 496 196 303 496 196 
298 497 193 303 496 196 299 497 192 
298 494 195 295 496 192 291 496 190 
298 494 195 291 496 190 295 491 193 
303 644 176 284 617 165 286 600 179 
303 644 176 286 600 179 306 622 190 
328 660 184 303 644 176 306 622 190 
328 660 184 306 622 190 330 634 199 
279 559 179 292 581 189 286 600 179 
279 559 179 286 600 179 276 571 168 
291 520 196 286 529 195 280 517 189 
291 520 196 280 517 189 285 511 191 
291 520 196 305 526 203 300 537 201 
291 520 196 300 537 201 286 529 195 
305 526 203 325 527 207 320 539 207 
305 526 203 320 539 207 300 537 201 
316 358 205 320 370 207 310 380 205 
316 358 205 310 380 205 307 364 201 
345 304 209 360 299 213 363 314 216 
345 304 209 363 314 216 346 317 213 
345 304 209 346 317 213 336 325 210 
345 304 209 336 325 210 332 312 206 
308 348 198 313 331 196 320 334 202 
308 348 198 320 334 202 316 346 203 
352 392 216 358 404 216 346 416 211 
352 392 216 346 416 211 341 406 211 
370 431 217 362 421 219 358 415 216 
370 431 217 358 415 216 378 416 219 
349 420 218 352 427 223 349 440 219 
349 420 218 349 440 219 345 431 213 
349 420 218 358 415 216 362 421 219 
349 420 218 362 421 219 359 421 220 
380 518 212 367 541 214 359 523 209 
380 518 212 359 523 209 371 510 209 
280 446 189 271 433 183 277 417 189 
280 446 189 277 417 189 286 432 195 
356 271 183 375 266 182 377 265 193 
356 271 183 377 265 193 359 266 193 
385 360 213 384 358 218 399 358 219 
385 360 213 399 358 219 400 359 214 
384 358 218 370 357 215 362 352 220 
384 358 218 362 352 220 378 351 225 
374 326 222 379 316 217 400 316 218 
374 326 222 400 316 218 399 326 223 
398 338 229 372 337 227 374 326 222 
398 338 229 374 326 222 399 326 223 
376 300 216 400 302 218 400 316 218 
376 300 216 400 316 218 379 316 217 
376 300 216 375 280 214 400 280 215 
376 300 216 400 280 215 400 302 218 
297 479 194 286 471 189 294 459 194 
297 479 194 294 459 194 312 470 200 
312 470 200 317 483 202 303 486 198 
312 470 200 303 486 198 297 479 194 
321 493 204 308 493 200 306 490 200 
321 493 204 306 490 200 319 489 203 
321 493 204 336 493 204 337 495 203 
321 493 204 337 495 203 322 494 203 
312 470 200 317 457 202 333 465 205 
312 470 200 333 465 205 333 475 203 
333 465 205 317 457 202 320 444 205 
333 465 205 320 444 205 334 453 208 
400 418 232 400 432 239 388 433 237 
400 418 232 388 433 237 391 420 231 
386 424 229 387 422 222 392 413 224 
386 424 229 392 413 224 391 420 231 
360 483 209 361 490 205 349 480 204 
360 483 209 349 480 204 347 471 208 
312 517 203 309 519 203 293 513 196 
312 517 203 293 513 196 296 510 195 
319 489 203 317 483 202 335 483 203 
319 489 203 335 483 203 336 489 204 
289 506 191 288 502 189 292 500 191 
289 506 191 292 500 191 292 503 192 
350 492 203 350 486 203 359 492 203 
350 492 203 359 492 203 357 494 203 
345 516 206 347 513 205 355 506 204 
345 516 206 355 506 204 355 509 205 
345 516 206 329 520 207 331 518 206 
345 516 206 331 518 206 347 513 205 
350 486 203 350 492 203 336 489 204 
350 486 203 336 489 204 335 483 203 
298 494 195 306 490 200 308 493 200 
298 494 195 308 493 200 301 496 196 
306 490 200 303 486 198 317 483 202 
306 490 200 317 483 202 319 489 203 
301 496 196 308 493 200 310 494 200 
301 496 196 310 494 200 303 496 196 
360 500 204 364 500 206 355 513 206 
360 500 204 355 513 206 355 509 205 
369 493 210 368 480 215 376 486 217 
369 493 210 376 486 217 376 499 212 
362 427 220 370 431 224 363 433 227 
362 427 220 363 433 227 352 427 223 
352 427 223 363 433 227 361 445 226 
352 427 223 361 445 226 349 440 219 
265 510 166 268 510 174 272 530 179 
265 510 166 272 530 179 270 535 171 
268 488 172 268 510 174 265 510 166 
268 488 172 265 510 166 264 485 165 
264 461 166 264 439 170 269 451 177 
264 461 166 269 451 177 268 469 173 
289 364 182 285 386 188 274 401 181 
289 364 182 274 401 181 278 382 173 
274 401 181 267 418 175 270 402 165 
274 401 181 270 402 165 278 382 173 
295 342 175 306 331 186 299 353 191 
295 342 175 299 353 191 289 364 182 
296 374 195 299 353 191 308 348 198 
296 374 195 308 348 198 307 364 201 
264 411 150 271 381 156 270 402 165 
264 411 150 270 402 165 262 425 160 
316 346 203 316 358 205 307 364 201 
316 346 203 307 364 201 308 348 198 
320 334 202 327 339 206 326 345 207 
320 334 202 326 345 207 316 346 203 
338 347 207 338 350 209 334 350 209 
338 347 207 334 350 209 333 346 207 
264 485 165 262 479 155 260 452 157 
264 485 165 260 452 157 264 461 166 
263 501 134 266 547 134 267 550 119 
263 501 134 267 550 119 266 513 120 
290 487 190 297 479 194 303 486 198 
290 487 190 303 486 198 295 491 193 
295 491 193 303 486 198 306 490 200 
295 491 193 306 490 200 298 494 195 
262 425 160 264 439 170 264 461 166 
262 425 160 264 461 166 260 452 157 
392 407 220 389 395 224 400 393 223 
392 407 220 400 393 223 400 405 220 
324 432 208 314 419 207 323 407 209 
324 432 208 323 407 209 332 419 209 
341 406 211 346 416 211 340 428 210 
341 406 211 340 428 210 332 419 209 
352 392 216 341 406 211 334 395 210 
352 392 216 334 395 210 343 380 215 
343 380 215 350 373 219 366 383 223 
343 380 215 366 383 223 352 392 216 
358 404 216 352 392 216 366 383 223 
358 404 216 366 383 223 374 397 223 
352 367 220 345 359 215 349 353 213 
352 367 220 349 353 213 354 357 218 
354 357 218 349 353 213 352 351 210 
354 357 218 352 351 210 358 353 215 
352 351 210 354 358 207 363 361 211 
352 351 210 363 361 211 358 353 215 
352 367 220 350 373 219 341 363 215 
352 367 220 341 363 215 345 359 215 
378 432 231 363 433 227 370 431 224 
378 432 231 370 431 224 377 429 227 
366 457 223 372 469 220 364 464 217 
366 457 223 364 464 217 358 451 217 
371 510 209 364 500 206 369 493 210 
371 510 209 369 493 210 376 499 212 
380 518 212 371 510 209 376 499 212 
380 518 212 376 499 212 384 504 215 
390 522 215 380 518 212 384 504 215 
390 522 215 384 504 215 391 506 217 
400 523 215 390 522 215 391 506 217 
400 523 215 391 506 217 400 507 218 
380 681 106 356 676 105 357 693 125 
380 681 106 357 693 125 380 698 126 
353 690 170 377 694 172 379 703 149 
353 690 170 379 703 149 354 699 148 
354 669 190 353 690 170 326 680 166 
354 669 190 326 680 166 328 660 184 
279 547 88 280 506 87 271 505 105 
279 547 88 271 505 105 270 549 104 
331 332 207 325 324 203 332 312 206 
331 332 207 332 312 206 336 325 210 
372 337 227 398 338 229 399 350 227 
372 337 227 399 350 227 378 351 225 
300 497 191 297 500 189 298 498 191 
300 497 191 298 498 191 299 497 192 
342 244 144 370 224 153 367 247 156 
342 244 144 367 247 156 338 271 146 
298 317 117 300 330 103 301 306 105 
298 317 117 301 306 105 303 287 119 
349 345 81 377 346 78 376 328 79 
349 345 81 376 328 79 346 328 81 
311 302 132 298 317 117 303 287 119 
311 302 132 303 287 119 315 266 134 
311 302 132 338 271 146 334 286 156 
311 302 132 334 286 156 309 313 141 
377 346 78 400 346 78 400 327 79 
377 346 78 400 327 79 376 328 79 
332 667 105 356 676 105 352 653 90 
332 667 105 352 653 90 326 648 93 
321 385 87 350 386 78 350 365 80 
321 385 87 350 365 80 319 361 88 
374 622 74 371 582 64 338 583 67 
374 622 74 338 583 67 345 621 76 
349 407 74 320 410 84 314 434 78 
349 407 74 314 434 78 344 430 68 
350 386 78 321 385 87 320 410 84 
350 386 78 320 410 84 349 407 74 
302 503 72 335 500 62 340 461 63 
302 503 72 340 461 63 307 465 74 
301 544 72 306 585 76 338 583 67 
301 544 72 338 583 67 334 542 63 
350 365 80 378 366 76 377 346 78 
350 365 80 377 346 78 349 345 81 
334 542 63 369 540 59 370 498 58 
334 542 63 370 498 58 335 500 62 
346 328 81 306 326 89 313 342 89 
346 328 81 313 342 89 349 345 81 
300 445 199 294 459 194 280 446 189 
300 445 199 280 446 189 286 432 195 
268 469 173 275 475 179 273 491 178 
268 469 173 273 491 178 268 488 172 
276 571 168 286 600 179 284 617 165 
276 571 168 284 617 165 273 581 154 
276 571 168 273 581 154 267 544 147 
276 571 168 267 544 147 269 540 160 
297 626 96 289 632 112 309 662 118 
297 626 96 309 662 118 314 652 102 
315 621 83 326 648 93 352 653 90 
315 621 83 352 653 90 345 621 76 
320 444 205 317 457 202 300 445 199 
320 444 205 300 445 199 306 432 203 
332 419 209 323 407 209 334 395 210 
332 419 209 334 395 210 341 406 211 
306 432 203 294 418 200 305 405 204 
306 432 203 305 405 204 314 419 207 
323 407 209 314 419 207 305 405 204 
323 407 209 305 405 204 316 394 207 
334 395 210 327 382 209 335 370 213 
334 395 210 335 370 213 343 380 215 
350 373 219 343 380 215 335 370 213 
350 373 219 335 370 213 341 363 215 
392 407 220 400 405 220 400 413 223 
392 407 220 400 413 223 392 413 224 
349 420 218 345 431 213 347 423 211 
349 420 218 347 423 211 358 415 216 
265 448 121 270 437 123 259 448 127 
265 448 121 259 448 127 256 453 124 
257 474 128 252 469 125 256 453 124 
257 474 128 256 453 124 259 448 127 
255 494 122 248 488 121 252 469 125 
255 494 122 252 469 125 257 474 128 
253 496 112 246 491 112 248 488 121 
253 496 112 248 488 121 255 494 122 
256 486 105 248 482 107 246 491 112 
256 486 105 246 491 112 253 496 112 
257 465 101 249 465 104 248 482 107 
257 465 101 248 482 107 256 486 105 
263 434 103 254 436 105 249 465 104 
263 434 103 249 465 104 257 465 101 
263 398 116 258 403 117 258 414 111 
263 398 116 258 414 111 266 411 109 
264 387 123 256 393 124 258 403 117 
264 387 123 258 403 117 263 398 116 
255 485 120 260 471 122 252 469 125 
255 485 120 252 469 125 248 488 121 
254 487 113 255 485 120 248 488 121 
254 487 113 248 488 121 246 491 112 
254 481 108 254 487 113 246 491 112 
254 481 108 246 491 112 248 482 107 
254 467 106 254 481 108 248 482 107 
254 467 106 248 482 107 249 465 104 
249 465 104 254 436 105 258 438 106 
249 465 104 258 438 106 254 467 106 
258 414 111 258 403 117 258 408 119 
258 414 111 258 408 119 260 415 113 
256 404 126 258 408 119 258 403 117 
256 404 126 258 403 117 256 393 124 
260 408 131 256 404 126 256 393 124 
260 408 131 256 393 124 262 394 130 
266 425 120 269 417 124 269 425 125 
266 425 120 269 425 125 270 437 123 
261 456 133 262 481 130 257 474 128 
261 456 133 257 474 128 259 448 127 
257 474 128 262 481 130 264 494 122 
257 474 128 264 494 122 255 494 122 
266 489 110 253 496 112 255 494 122 
266 489 110 255 494 122 264 494 122 
272 466 104 257 465 101 256 486 105 
272 466 104 256 486 105 266 489 110 
272 466 104 277 437 105 263 434 103 
272 466 104 263 434 103 257 465 101 
266 411 109 279 414 109 277 399 116 
266 411 109 277 399 116 263 398 116 
264 387 123 263 398 116 277 399 116 
264 387 123 277 399 116 274 391 124 
264 387 123 274 391 124 270 397 131 
264 387 123 270 397 131 262 394 130 
260 408 131 262 394 130 270 397 131 
260 408 131 270 397 131 264 411 133 
252 469 125 260 471 122 265 448 121 
252 469 125 265 448 121 256 453 124 
266 425 120 262 438 117 261 424 115 
266 425 120 261 424 115 258 418 121 
266 425 120 258 418 121 260 413 126 
266 425 120 260 413 126 269 417 124 
260 413 126 256 423 128 269 425 125 
260 413 126 269 425 125 269 417 124 
269 425 125 256 423 128 259 448 127 
269 425 125 259 448 127 270 437 123 
254 487 113 254 481 108 254 467 106 
254 487 113 254 467 106 254 465 115 
254 465 115 254 467 106 258 438 106 
254 465 115 258 438 106 256 438 110 
260 415 113 258 438 106 254 436 105 
260 415 113 254 436 105 258 414 111 
254 436 105 263 434 103 266 411 109 
254 436 105 266 411 109 258 414 111 
279 414 109 266 411 109 263 434 103 
279 414 109 263 434 103 277 437 105 
254 465 115 260 471 122 255 485 120 
254 465 115 255 485 120 254 487 113 
261 424 115 256 438 110 258 438 106 
261 424 115 258 438 106 260 415 113 
270 437 123 265 448 121 262 438 117 
270 437 123 262 438 117 266 425 120 
260 408 131 256 423 128 260 413 126 
260 408 131 260 413 126 256 404 126 
261 424 115 260 415 113 258 408 119 
261 424 115 258 408 119 258 418 121 
259 448 127 256 423 128 262 430 133 
259 448 127 262 430 133 261 456 133 
262 430 133 256 423 128 260 408 131 
262 430 133 260 408 131 264 411 133 
284 439 101 286 407 107 279 414 109 
284 439 101 279 414 109 277 437 105 
284 439 101 277 437 105 272 466 104 
284 439 101 272 466 104 279 470 100 
277 399 116 286 407 107 289 377 110 
277 399 116 289 377 110 285 374 119 
277 399 116 285 374 119 282 373 126 
277 399 116 282 373 126 274 391 124 
279 470 100 272 466 104 266 489 110 
279 470 100 266 489 110 271 505 105 
286 470 89 279 470 100 271 505 105 
286 470 89 271 505 105 280 506 87 
301 382 99 289 377 110 286 407 107 
301 382 99 286 407 107 300 410 96 
300 410 96 286 407 107 284 439 101 
300 410 96 284 439 101 294 439 92 
261 456 133 262 430 133 261 434 139 
261 456 133 261 434 139 260 463 138 
264 411 133 270 397 131 274 378 132 
264 411 133 274 378 132 267 399 139 
260 413 126 258 418 121 258 408 119 
260 413 126 258 408 119 256 404 126 
263 501 134 266 513 120 264 494 122 
263 501 134 264 494 122 262 481 130 
270 397 131 274 391 124 282 373 126 
270 397 131 282 373 126 274 378 132 
400 260 182 375 266 182 370 269 171 
400 260 182 370 269 171 400 264 172 
371 510 209 359 523 209 355 513 206 
371 510 209 355 513 206 364 500 206 
273 491 178 275 475 179 282 481 185 
273 491 178 282 481 185 280 492 184 
260 463 138 261 434 139 259 441 148 
260 463 138 259 441 148 259 471 146 
268 488 172 264 485 165 264 461 166 
268 488 172 264 461 166 268 469 173 
262 479 155 259 471 146 259 441 148 
262 479 155 259 441 148 260 452 157 
280 492 184 282 481 185 290 487 190 
280 492 184 290 487 190 286 494 188 
267 399 139 261 434 139 262 430 133 
267 399 139 262 430 133 264 411 133 
378 432 231 377 429 227 383 428 227 
378 432 231 383 428 227 386 424 229 
341 363 215 335 370 213 328 361 211 
341 363 215 328 361 211 337 356 212 
325 352 208 334 350 209 337 356 212 
325 352 208 337 356 212 328 361 211 
327 339 206 334 342 207 333 346 207 
327 339 206 333 346 207 326 345 207 
300 445 199 317 457 202 312 470 200 
300 445 199 312 470 200 294 459 194 
311 302 132 315 266 134 342 244 144 
311 302 132 342 244 144 338 271 146 
307 465 74 286 470 89 280 506 87 
307 465 74 280 506 87 302 503 72 
400 459 59 400 430 63 374 429 64 
400 459 59 374 429 64 372 459 60 
372 459 60 340 461 63 335 500 62 
372 459 60 335 500 62 370 498 58 
307 465 74 340 461 63 344 430 68 
307 465 74 344 430 68 314 434 78 
284 439 101 279 470 100 286 470 89 
284 439 101 286 470 89 294 439 92 
261 456 133 260 463 138 263 501 134 
261 456 133 263 501 134 262 481 130 
354 699 148 357 693 125 332 681 122 
354 699 148 332 681 122 328 686 144 
285 634 129 289 632 112 275 592 106 
285 634 129 275 592 106 273 592 122 
305 667 137 309 662 118 289 632 112 
305 667 137 289 632 112 285 634 129 
400 705 150 400 699 127 380 698 126 
400 705 150 380 698 126 379 703 149 
271 505 105 266 489 110 264 494 122 
271 505 105 264 494 122 266 513 120 
367 541 214 380 518 212 390 522 215 
367 541 214 390 522 215 387 544 216 
400 543 216 387 544 216 390 522 215 
400 543 216 390 522 215 400 523 215 
387 353 211 400 338 205 369 333 201 
387 353 211 369 333 201 373 351 208 
350 338 198 352 347 202 361 348 205 
350 338 198 361 348 205 369 333 201 
344 350 197 346 350 200 352 347 202 
344 350 197 352 347 202 350 338 198 
342 355 199 343 352 200 346 350 200 
342 355 199 346 350 200 344 350 197 
354 374 200 347 359 192 357 360 180 
354 374 200 357 360 180 376 404 182 
344 362 198 342 355 199 344 350 197 
344 362 198 344 350 197 347 359 192 
350 338 198 369 333 201 375 325 182 
350 338 198 375 325 182 351 342 188 
298 499 192 296 505 190 300 513 195 
298 499 192 300 513 195 300 504 196 
316 519 202 315 512 203 300 504 196 
316 519 202 300 504 196 300 513 195 
355 495 196 357 495 199 358 498 198 
355 495 196 358 498 198 356 501 196 
355 495 196 344 491 198 349 494 201 
355 495 196 349 494 201 357 495 199 
303 495 194 311 492 199 324 490 196 
303 495 194 324 490 196 307 495 190 
333 518 203 349 512 201 348 508 203 
333 518 203 348 508 203 333 512 205 
322 494 203 324 492 202 311 492 199 
322 494 203 311 492 199 310 494 200 
322 494 203 337 495 203 338 492 202 
322 494 203 338 492 202 324 492 202 
307 495 190 304 505 188 297 500 189 
307 495 190 297 500 189 300 497 191 
303 496 196 303 495 194 300 497 191 
303 496 196 300 497 191 299 497 192 
304 505 188 312 517 192 300 513 195 
304 505 188 300 513 195 296 505 190 
312 517 192 329 522 198 316 519 202 
312 517 192 316 519 202 300 513 195 
357 501 200 348 508 203 349 512 201 
357 501 200 349 512 201 357 505 199 
349 512 201 333 518 203 329 522 198 
349 512 201 329 522 198 349 514 196 
338 492 202 344 491 198 324 490 196 
338 492 202 324 490 196 324 492 202 
357 505 199 349 512 201 349 514 196 
357 505 199 349 514 196 355 507 196 
357 501 199 355 507 196 356 501 196 
357 501 199 356 501 196 358 498 198 
314 305 183 326 287 175 339 275 185 
314 305 183 339 275 185 331 286 191 
376 265 205 400 269 204 400 280 215 
376 265 205 400 280 215 375 280 214 
400 264 172 370 269 171 366 263 162 
400 264 172 366 263 162 400 248 168 
326 287 175 347 278 171 356 271 183 
326 287 175 356 271 183 339 275 185 
293 341 131 281 345 137 274 378 132 
293 341 131 274 378 132 282 373 126 
261 424 115 262 438 117 254 465 115 
261 424 115 254 465 115 256 438 110 
362 427 220 370 431 217 382 433 222 
362 427 220 382 433 222 370 431 224 
362 421 219 370 431 217 362 427 220 
362 421 219 362 427 220 359 421 220 
373 383 204 376 404 182 400 407 182 
373 383 204 400 407 182 400 381 205 
369 333 201 400 338 205 400 329 183 
369 333 201 400 329 183 375 325 182 
375 325 182 400 329 183 400 367 166 
375 325 182 400 367 166 383 367 166 
376 404 182 383 367 166 400 367 166 
376 404 182 400 367 166 400 407 182 
288 299 89 333 296 78 324 280 75 
288 299 89 324 280 75 278 288 87 
377 164 152 375 197 152 346 211 145 
377 164 152 346 211 145 345 174 149 
300 281 106 293 257 105 289 216 123 
300 281 106 289 216 123 301 254 121 
268 210 116 289 216 123 293 257 105 
268 210 116 293 257 105 272 246 104 
376 127 156 344 139 154 336 118 161 
376 127 156 336 118 161 368 103 163 
278 288 87 261 270 84 244 237 101 
278 288 87 244 237 101 272 246 104 
284 172 133 266 182 125 245 170 127 
284 172 133 245 170 127 264 152 140 
344 139 154 315 148 143 298 132 152 
344 139 154 298 132 152 336 118 161 
298 132 152 315 148 143 284 172 133 
298 132 152 284 172 133 264 152 140 
309 261 70 324 280 75 366 272 73 
309 261 70 366 272 73 359 247 67 
366 272 73 370 293 77 400 294 76 
366 272 73 400 294 76 400 273 72 
400 248 68 359 247 67 366 272 73 
400 248 68 366 272 73 400 273 72 
278 288 87 324 280 75 309 261 70 
278 288 87 309 261 70 261 270 84 
293 257 105 288 299 89 278 288 87 
293 257 105 278 288 87 272 246 104 
289 216 123 268 210 116 266 182 125 
289 216 123 266 182 125 284 172 133 
245 170 127 266 182 125 268 210 116 
245 170 127 268 210 116 242 199 113 
244 237 101 242 199 113 268 210 116 
244 237 101 268 210 116 272 246 104 
340 313 80 346 328 81 376 328 79 
340 313 80 376 328 79 374 311 79 
315 189 138 314 230 136 301 254 121 
315 189 138 301 254 121 289 216 123 
315 189 138 345 174 149 346 211 145 
315 189 138 346 211 145 314 230 136 
400 310 79 374 311 79 376 328 79 
400 310 79 376 328 79 400 327 79 
377 164 152 345 174 149 344 139 154 
377 164 152 344 139 154 376 127 156 
315 148 143 315 189 138 289 216 123 
315 148 143 289 216 123 284 172 133 
315 189 138 315 148 143 344 139 154 
315 189 138 344 139 154 345 174 149 
400 121 152 400 162 151 377 164 152 
400 121 152 377 164 152 376 127 156 
300 281 106 298 313 90 288 299 89 
300 281 106 288 299 89 293 257 105 
368 103 163 400 94 160 400 121 152 
368 103 163 400 121 152 376 127 156 
300 281 106 301 306 105 306 326 89 
300 281 106 306 326 89 298 313 90 
400 190 156 400 211 160 370 224 153 
400 190 156 370 224 153 375 197 152 
324 280 75 333 296 78 370 293 77 
324 280 75 370 293 77 366 272 73 
298 313 90 306 326 89 346 328 81 
298 313 90 346 328 81 340 313 80 
375 197 152 370 224 153 342 244 144 
375 197 152 342 244 144 346 211 145 
301 306 105 300 281 106 301 254 121 
301 306 105 301 254 121 303 287 119 
333 296 78 340 313 80 374 311 79 
333 296 78 374 311 79 370 293 77 
314 230 136 315 266 134 303 287 119 
314 230 136 303 287 119 301 254 121 
346 211 145 342 244 144 315 266 134 
346 211 145 315 266 134 314 230 136 
400 294 76 370 293 77 374 311 79 
400 294 76 374 311 79 400 310 79 
400 162 151 400 190 156 375 197 152 
400 162 151 375 197 152 377 164 152 
288 299 89 298 313 90 340 313 80 
288 299 89 340 313 80 333 296 78 
400 218 62 350 221 61 359 247 67 
400 218 62 359 247 67 400 248 68 
239 250 81 216 225 99 244 237 101 
239 250 81 244 237 101 261 270 84 
261 270 84 309 261 70 292 236 67 
261 270 84 292 236 67 239 250 81 
318 89 166 361 75 171 368 103 163 
318 89 166 368 103 163 336 118 161 
240 135 145 276 111 158 298 132 152 
240 135 145 298 132 152 264 152 140 
244 237 101 216 225 99 210 192 114 
244 237 101 210 192 114 242 199 113 
216 162 130 240 135 145 264 152 140 
216 162 130 264 152 140 245 170 127 
292 236 67 309 261 70 359 247 67 
292 236 67 359 247 67 350 221 61 
361 75 171 400 68 168 400 94 160 
361 75 171 400 94 160 368 103 163 
336 118 161 298 132 152 276 111 158 
336 118 161 276 111 158 318 89 166 
216 162 130 245 170 127 242 199 113 
216 162 130 242 199 113 210 192 114 
300 504 196 315 512 203 314 513 204 
300 504 196 314 513 204 299 504 196 
342 348 206 341 349 206 338 347 207 
342 348 206 338 347 207 339 346 207 
298 499 192 297 499 192 296 498 192 
298 499 192 296 498 192 298 498 191 
344 350 197 350 338 198 351 342 188 
344 350 197 351 342 188 347 359 192 
300 504 196 299 504 196 297 499 192 
300 504 196 297 499 192 298 499 192 
344 350 204 343 351 204 341 349 206 
344 350 204 341 349 206 342 348 206 
347 352 207 344 351 209 342 350 207 
347 352 207 342 350 207 344 351 205 
442 498 200 443 498 198 443 501 200 
443 498 198 443 501 198 443 501 200 
443 505 199 443 501 200 443 501 198 
424 404 182 447 374 200 427 383 204 
443 495 199 443 498 198 442 498 200 
426 363 213 427 383 204 437 361 211 
452 357 204 446 358 207 447 374 200 
411 364 214 400 364 214 400 381 205 
474 648 93 468 667 105 487 653 102 
442 498 200 443 497 200 443 495 199 
537 387 123 544 393 124 538 394 130 
547 496 112 544 486 105 535 489 110 
523 399 116 515 407 107 521 414 109 
427 351 208 439 348 205 432 333 201 
456 362 198 447 374 200 453 359 192 
413 353 211 400 338 205 400 354 211 
462 492 202 456 490 198 451 494 201 
484 519 202 467 517 203 472 521 198 
488 492 199 476 490 196 476 492 202 
460 504 189 493 495 190 496 505 188 
460 504 189 472 521 198 452 514 196 
460 504 189 496 505 188 489 517 192 
460 504 189 456 490 198 476 490 196 
493 495 190 460 504 189 476 490 196 
452 514 196 445 507 196 460 504 189 
460 504 189 445 507 196 441 500 195 
443 501 198 445 507 196 443 505 199 
504 505 190 496 505 188 503 500 189 
493 495 190 497 495 194 500 497 191 
445 495 196 460 504 189 441 500 195 
456 490 198 460 504 189 445 495 196 
472 521 198 460 504 189 489 517 192 
536 448 121 546 465 115 540 471 122 
536 448 121 539 438 117 546 465 115 
418 367 166 426 325 182 444 360 180 
418 367 166 444 360 180 424 404 182 
444 360 180 450 342 188 453 359 192 
426 325 182 450 342 188 444 360 180 
358 498 198 359 498 200 357 501 200 
357 501 199 358 498 198 357 501 200 
357 501 200 357 505 199 357 501 199 
354 374 200 376 404 182 373 383 204 
358 498 198 357 495 199 359 498 200 
373 383 204 374 363 213 363 361 211 
354 358 207 349 357 204 354 374 200 
400 364 214 389 364 214 400 381 205 
332 667 105 326 648 93 314 652 102 
357 497 200 359 498 200 357 495 199 
256 393 124 264 387 123 262 394 130 
256 486 105 253 496 112 266 489 110 
286 407 107 277 399 116 279 414 109 
361 348 205 373 351 208 369 333 201 
354 374 200 344 362 198 347 359 192 
400 338 205 387 353 211 400 354 211 
344 491 198 338 492 202 349 494 201 
333 518 203 316 519 202 329 522 198 
324 490 196 311 492 199 324 492 202 
307 495 190 340 504 189 304 505 188 
329 522 198 340 504 189 349 514 196 
304 505 188 340 504 189 312 517 192 
344 491 198 340 504 189 324 490 196 
340 504 189 307 495 190 324 490 196 
355 507 196 349 514 196 340 504 189 
355 507 196 340 504 189 356 501 196 
355 507 196 357 501 199 357 505 199 
304 505 188 296 505 190 297 500 189 
303 495 194 307 495 190 300 497 191 
340 504 189 355 495 196 356 501 196 
340 504 189 344 491 198 355 495 196 
340 504 189 329 522 198 312 517 192 
254 465 115 265 448 121 260 471 122 
262 438 117 265 448 121 254 465 115 
375 325 182 383 367 166 357 360 180 
357 360 180 383 367 166 376 404 182 
351 342 188 357 360 180 347 359 192 
351 342 188 375 325 182 357 360 180 
