254 340 -191 250 344 -191 252 339 -191 
254 340 -191 252 339 -191 256 337 -191 
248 373 -191 236 364 -192 237 373 -192 
248 373 -191 237 373 -192 250 388 -192 
243 366 -193 238 369 -193 240 360 -192 
243 366 -193 240 360 -192 245 356 -192 
250 347 -192 245 356 -192 240 360 -192 
250 347 -192 240 360 -192 246 351 -192 
250 347 -192 246 351 -192 250 344 -191 
250 347 -192 250 344 -191 254 340 -191 
252 340 -191 257 342 -190 257 337 -191 
252 340 -191 257 337 -191 253 337 -191 
256 336 -191 256 337 -191 252 339 -191 
256 336 -191 252 339 -191 253 338 -191 
257 337 -191 256 336 -191 253 338 -191 
257 337 -191 253 338 -191 253 337 -191 
252 340 -191 248 343 -191 254 355 -190 
252 340 -191 254 355 -190 257 342 -190 
243 366 -193 243 374 -194 238 377 -193 
243 366 -193 238 377 -193 238 369 -193 
248 373 -191 254 355 -190 244 348 -191 
248 373 -191 244 348 -191 238 356 -191 
304 285 -193 326 278 -192 310 281 -190 
304 285 -193 310 281 -190 286 289 -192 
250 326 -185 243 328 -186 254 315 -187 
250 326 -185 254 315 -187 264 313 -185 
508 300 -188 515 319 -186 479 302 -185 
508 300 -188 479 302 -185 471 283 -187 
349 371 -173 347 341 -176 369 334 -176 
349 371 -173 369 334 -176 381 367 -172 
340 286 -194 331 298 -197 343 290 -198 
340 286 -194 343 290 -198 360 278 -195 
288 291 -195 276 293 -194 268 299 -195 
288 291 -195 268 299 -195 278 295 -195 
331 298 -197 340 286 -194 313 295 -195 
331 298 -197 313 295 -195 316 306 -196 
340 286 -194 326 278 -192 304 285 -193 
340 286 -194 304 285 -193 313 295 -195 
418 467 -162 364 459 -164 380 412 -168 
418 467 -162 380 412 -168 426 415 -166 
263 402 -173 280 404 -172 258 431 -171 
263 402 -173 258 431 -171 245 424 -173 
232 405 -177 243 397 -177 241 397 -177 
232 405 -177 241 397 -177 230 408 -177 
235 417 -174 251 401 -174 263 402 -173 
235 417 -174 263 402 -173 245 424 -173 
234 404 -178 235 402 -178 243 397 -178 
234 404 -178 243 397 -178 242 396 -178 
319 449 -166 341 409 -169 380 412 -168 
319 449 -166 380 412 -168 364 459 -164 
235 417 -174 231 412 -175 243 399 -176 
235 417 -174 243 399 -176 251 401 -174 
217 481 -172 204 503 -174 201 480 -176 
217 481 -172 201 480 -176 211 463 -174 
201 480 -176 202 463 -178 207 450 -176 
201 480 -176 207 450 -176 211 463 -174 
217 481 -172 227 504 -168 210 530 -170 
217 481 -172 210 530 -170 204 503 -174 
218 433 -180 223 440 -181 226 437 -182 
218 433 -180 226 437 -182 220 431 -180 
229 438 -182 222 430 -180 220 431 -180 
229 438 -182 220 431 -180 226 437 -182 
202 463 -178 212 451 -180 212 442 -178 
202 463 -178 212 442 -178 207 450 -176 
214 436 -179 217 444 -181 221 441 -181 
214 436 -179 221 441 -181 216 434 -180 
214 408 -189 210 400 -188 206 403 -189 
214 408 -189 206 403 -189 208 406 -189 
321 330 -178 316 314 -180 342 303 -181 
321 330 -178 342 303 -181 345 318 -178 
280 302 -187 295 292 -189 313 287 -186 
280 302 -187 313 287 -186 295 302 -185 
240 331 -190 243 328 -191 243 323 -190 
240 331 -190 243 323 -190 239 327 -190 
295 302 -185 313 287 -186 330 291 -184 
295 302 -185 330 291 -184 308 306 -183 
254 315 -187 243 328 -186 239 331 -187 
254 315 -187 239 331 -187 247 319 -188 
253 337 -191 249 337 -191 248 338 -191 
253 337 -191 248 338 -191 252 340 -191 
245 340 -191 248 343 -191 252 340 -191 
245 340 -191 252 340 -191 248 338 -191 
236 337 -190 238 338 -191 241 334 -191 
236 337 -190 241 334 -191 240 331 -190 
242 323 -189 239 327 -190 243 323 -190 
242 323 -189 243 323 -190 247 316 -190 
258 372 -178 252 369 -180 263 354 -179 
258 372 -178 263 354 -179 268 363 -178 
246 344 -183 238 341 -184 250 326 -185 
246 344 -183 250 326 -185 258 327 -183 
250 326 -185 264 313 -185 275 313 -184 
250 326 -185 275 313 -184 258 327 -183 
239 328 -192 239 334 -191 233 338 -192 
239 328 -192 233 338 -192 235 331 -192 
234 344 -188 231 343 -189 235 334 -190 
234 344 -188 235 334 -190 237 333 -189 
245 319 -191 252 310 -191 251 312 -191 
245 319 -191 251 312 -191 245 320 -191 
239 327 -190 242 323 -189 237 333 -189 
239 327 -190 237 333 -189 235 334 -190 
233 338 -192 239 334 -191 240 339 -191 
233 338 -192 240 339 -191 234 345 -191 
219 406 -186 214 417 -186 215 405 -186 
219 406 -186 215 405 -186 223 396 -186 
216 430 -185 213 438 -185 210 425 -186 
216 430 -185 210 425 -186 214 417 -186 
225 427 -184 223 439 -184 216 430 -185 
225 427 -184 216 430 -185 219 417 -185 
515 319 -186 529 337 -184 491 320 -183 
515 319 -186 491 320 -183 479 302 -185 
261 304 -190 265 301 -192 286 289 -192 
261 304 -190 286 289 -192 277 297 -190 
295 292 -189 310 281 -190 332 274 -188 
295 292 -189 332 274 -188 313 287 -186 
330 291 -184 353 275 -185 368 294 -182 
330 291 -184 368 294 -182 342 303 -181 
368 314 -179 345 318 -178 342 303 -181 
368 314 -179 342 303 -181 368 294 -182 
229 583 -168 271 618 -164 269 637 -167 
229 583 -168 269 637 -167 227 600 -170 
256 531 -164 286 492 -164 334 511 -161 
256 531 -164 334 511 -161 301 558 -160 
418 467 -162 394 526 -159 334 511 -161 
418 467 -162 334 511 -161 364 459 -164 
201 480 -176 204 503 -174 200 520 -176 
201 480 -176 200 520 -176 199 495 -179 
223 439 -184 225 427 -184 231 432 -184 
223 439 -184 231 432 -184 227 442 -183 
208 445 -185 204 432 -186 210 425 -186 
208 445 -185 210 425 -186 213 438 -185 
200 520 -176 205 550 -172 205 565 -174 
200 520 -176 205 565 -174 201 532 -177 
205 513 -181 209 492 -183 207 485 -182 
205 513 -181 207 485 -182 201 504 -180 
204 543 -179 205 513 -181 201 504 -180 
204 543 -179 201 504 -180 201 532 -177 
225 444 -173 211 463 -174 207 450 -176 
225 444 -173 207 450 -176 220 435 -174 
245 424 -173 225 444 -173 220 435 -174 
245 424 -173 220 435 -174 235 417 -174 
233 405 -183 231 419 -184 227 411 -184 
233 405 -183 227 411 -184 231 397 -184 
222 384 -188 221 396 -189 217 384 -190 
222 384 -188 217 384 -190 224 377 -189 
227 381 -187 222 384 -188 224 377 -189 
227 381 -187 224 377 -189 229 376 -187 
213 386 -191 217 371 -190 217 384 -190 
213 386 -191 217 384 -190 218 391 -191 
222 403 -185 222 396 -186 225 385 -185 
222 403 -185 225 385 -185 227 391 -184 
213 386 -191 218 391 -191 220 396 -192 
213 386 -191 220 396 -192 217 390 -192 
228 379 -186 226 388 -186 227 381 -187 
228 379 -186 227 381 -187 229 376 -187 
225 385 -185 222 396 -186 226 388 -186 
225 385 -185 226 388 -186 228 379 -186 
233 434 -183 237 435 -183 235 437 -183 
233 434 -183 235 437 -183 232 437 -183 
227 600 -170 205 565 -174 205 550 -172 
227 600 -170 205 550 -172 229 583 -168 
281 592 -162 345 619 -159 333 648 -161 
281 592 -162 333 648 -161 271 618 -164 
482 660 -160 407 664 -160 418 632 -158 
482 660 -160 418 632 -158 485 628 -157 
407 664 -160 404 685 -163 330 668 -164 
407 664 -160 330 668 -164 333 648 -161 
206 472 -181 202 463 -178 201 480 -176 
206 472 -181 201 480 -176 199 495 -179 
199 495 -179 201 504 -180 207 485 -182 
199 495 -179 207 485 -182 206 472 -181 
212 451 -180 217 455 -182 223 445 -182 
212 451 -180 223 445 -182 217 444 -181 
238 338 -191 236 337 -190 229 344 -190 
238 338 -191 229 344 -190 231 344 -191 
202 404 -187 194 412 -188 199 405 -189 
202 404 -187 199 405 -189 204 398 -188 
221 400 -188 214 408 -189 216 404 -190 
221 400 -188 216 404 -190 221 396 -189 
215 368 -191 210 382 -192 215 373 -192 
215 368 -191 215 373 -192 218 360 -192 
218 360 -192 215 373 -192 226 369 -193 
218 360 -192 226 369 -193 228 357 -192 
228 357 -192 226 369 -193 237 373 -192 
228 357 -192 237 373 -192 236 364 -192 
217 384 -190 221 396 -189 222 399 -191 
217 384 -190 222 399 -191 218 391 -191 
215 373 -192 210 382 -192 212 387 -192 
215 373 -192 212 387 -192 217 380 -193 
238 379 -193 237 373 -192 226 369 -193 
238 379 -193 226 369 -193 227 376 -193 
199 405 -189 194 412 -188 190 419 -188 
199 405 -189 190 419 -188 193 412 -189 
198 420 -187 204 432 -186 200 439 -187 
198 420 -187 200 439 -187 193 427 -187 
208 445 -185 205 451 -186 200 439 -187 
208 445 -185 200 439 -187 204 432 -186 
208 445 -185 215 455 -185 212 461 -185 
208 445 -185 212 461 -185 205 451 -186 
192 417 -190 193 412 -189 190 419 -188 
192 417 -190 190 419 -188 190 427 -189 
190 427 -189 190 419 -188 193 427 -187 
190 427 -189 193 427 -187 193 435 -188 
319 449 -166 364 459 -164 334 511 -161 
319 449 -166 334 511 -161 286 492 -164 
254 388 -176 259 379 -177 269 372 -177 
254 388 -176 269 372 -177 263 386 -175 
263 386 -175 251 401 -174 243 399 -176 
263 386 -175 243 399 -176 254 388 -176 
307 407 -171 320 376 -173 349 371 -173 
307 407 -171 349 371 -173 341 409 -169 
269 372 -177 283 366 -176 276 383 -175 
269 372 -177 276 383 -175 263 386 -175 
247 393 -178 246 391 -178 252 386 -178 
247 393 -178 252 386 -178 250 391 -177 
347 341 -176 349 371 -173 320 376 -173 
347 341 -176 320 376 -173 323 351 -176 
320 376 -173 293 379 -174 300 359 -176 
320 376 -173 300 359 -176 323 351 -176 
323 314 -199 330 304 -200 343 290 -198 
323 314 -199 343 290 -198 331 298 -197 
261 301 -193 249 310 -192 247 315 -193 
261 301 -193 247 315 -193 256 306 -194 
238 332 -194 237 342 -194 240 332 -195 
238 332 -194 240 332 -195 243 322 -194 
245 335 -191 248 337 -191 247 338 -191 
245 335 -191 247 338 -191 243 336 -191 
248 338 -191 249 337 -191 245 335 -191 
248 338 -191 245 335 -191 243 336 -191 
234 345 -191 241 350 -192 234 358 -192 
234 345 -191 234 358 -192 227 353 -192 
236 342 -186 243 328 -186 250 326 -185 
236 342 -186 250 326 -185 238 341 -184 
234 358 -184 238 341 -184 246 344 -183 
234 358 -184 246 344 -183 239 363 -183 
229 368 -186 228 371 -185 225 385 -185 
229 368 -186 225 385 -185 228 379 -186 
239 331 -187 234 343 -187 234 344 -188 
239 331 -187 234 344 -188 237 333 -189 
254 348 -181 263 354 -179 252 369 -180 
254 348 -181 252 369 -180 245 365 -181 
249 384 -179 242 383 -180 252 369 -180 
249 384 -179 252 369 -180 258 372 -178 
376 271 -187 351 272 -190 368 277 -191 
376 271 -187 368 277 -191 391 277 -188 
263 402 -173 251 401 -174 263 386 -175 
263 402 -173 263 386 -175 276 383 -175 
283 352 -178 268 363 -178 263 354 -179 
283 352 -178 263 354 -179 276 340 -179 
254 388 -176 250 391 -177 252 386 -178 
254 388 -176 252 386 -178 259 379 -177 
637 542 -179 630 594 -174 637 571 -170 
637 542 -179 637 571 -170 644 517 -175 
229 583 -168 205 550 -172 210 530 -170 
229 583 -168 210 530 -170 237 560 -166 
281 592 -162 237 560 -166 256 531 -164 
281 592 -162 256 531 -164 301 558 -160 
234 345 -191 240 339 -191 245 343 -191 
234 345 -191 245 343 -191 241 350 -192 
245 340 -191 240 343 -191 244 348 -191 
245 340 -191 244 348 -191 248 343 -191 
261 314 -197 262 304 -196 250 312 -195 
261 314 -197 250 312 -195 246 322 -196 
326 278 -192 351 272 -190 332 274 -188 
326 278 -192 332 274 -188 310 281 -190 
266 305 -188 280 302 -187 264 313 -185 
266 305 -188 264 313 -185 254 315 -187 
285 317 -182 267 331 -181 258 327 -183 
285 317 -182 258 327 -183 275 313 -184 
404 685 -163 479 684 -162 477 699 -165 
404 685 -163 477 699 -165 403 699 -165 
545 664 -164 479 684 -162 482 660 -160 
545 664 -164 482 660 -160 547 638 -160 
232 430 -183 227 420 -182 229 421 -182 
232 430 -183 229 421 -182 234 431 -183 
230 411 -183 232 423 -183 231 419 -184 
230 411 -183 231 419 -184 233 405 -183 
313 287 -186 332 274 -188 353 275 -185 
313 287 -186 353 275 -185 330 291 -184 
227 504 -168 217 481 -172 235 457 -171 
227 504 -168 235 457 -171 253 472 -168 
214 436 -179 216 434 -180 220 420 -178 
214 436 -179 220 420 -178 219 423 -177 
230 439 -183 227 442 -183 231 432 -184 
230 439 -183 231 432 -184 233 433 -184 
223 440 -181 228 440 -182 233 437 -183 
223 440 -181 233 437 -183 226 437 -182 
232 430 -183 231 427 -183 228 416 -182 
232 430 -183 228 416 -182 227 420 -182 
234 431 -183 238 436 -183 237 435 -183 
234 431 -183 237 435 -183 232 430 -183 
227 381 -187 226 388 -186 223 396 -186 
227 381 -187 223 396 -186 223 385 -187 
235 331 -192 231 337 -193 238 332 -194 
235 331 -192 238 332 -194 240 323 -193 
256 306 -194 268 299 -195 276 293 -194 
256 306 -194 276 293 -194 261 301 -193 
277 297 -190 266 305 -188 255 311 -189 
277 297 -190 255 311 -189 261 304 -190 
230 356 -187 232 356 -188 234 344 -188 
230 356 -187 234 344 -188 234 343 -187 
234 343 -187 239 331 -187 243 328 -186 
234 343 -187 243 328 -186 236 342 -186 
244 327 -191 244 332 -191 242 332 -191 
244 327 -191 242 332 -191 243 327 -191 
253 338 -191 252 339 -191 247 338 -191 
253 338 -191 247 338 -191 248 337 -191 
248 337 -191 249 337 -191 253 337 -191 
248 337 -191 253 337 -191 253 338 -191 
231 344 -191 235 343 -191 240 338 -191 
231 344 -191 240 338 -191 238 338 -191 
340 286 -194 368 277 -191 351 272 -190 
340 286 -194 351 272 -190 326 278 -192 
353 275 -185 376 271 -187 388 284 -184 
353 275 -185 388 284 -184 368 294 -182 
205 405 -189 199 405 -189 193 412 -189 
205 405 -189 193 412 -189 203 406 -190 
193 427 -187 200 439 -187 199 445 -187 
193 427 -187 199 445 -187 193 435 -188 
539 345 -189 530 329 -190 537 354 -192 
539 345 -189 537 354 -192 548 370 -191 
222 418 -179 222 418 -179 220 431 -180 
222 418 -179 220 431 -180 222 430 -180 
220 431 -180 222 418 -179 221 420 -179 
220 431 -180 221 420 -179 218 433 -180 
233 437 -183 237 438 -183 229 438 -182 
233 437 -183 229 438 -182 226 437 -182 
265 301 -192 261 304 -190 251 312 -191 
265 301 -192 251 312 -191 252 310 -191 
240 323 -193 243 320 -192 239 328 -192 
240 323 -193 239 328 -192 235 331 -192 
219 406 -186 223 396 -186 226 388 -186 
219 406 -186 226 388 -186 222 396 -186 
280 404 -172 293 379 -174 320 376 -173 
280 404 -172 320 376 -173 307 407 -171 
205 451 -186 204 456 -186 199 445 -187 
205 451 -186 199 445 -187 200 439 -187 
212 461 -185 212 466 -185 204 456 -186 
212 461 -185 204 456 -186 205 451 -186 
245 340 -191 240 338 -191 235 343 -191 
245 340 -191 235 343 -191 240 343 -191 
226 343 -192 231 337 -193 235 331 -192 
226 343 -192 235 331 -192 233 338 -192 
219 353 -193 228 346 -194 231 337 -193 
219 353 -193 231 337 -193 226 343 -192 
210 425 -186 204 432 -186 198 420 -187 
210 425 -186 198 420 -187 206 414 -186 
237 342 -194 238 332 -194 231 337 -193 
237 342 -194 231 337 -193 228 346 -194 
215 393 -188 215 389 -188 217 382 -188 
215 393 -188 217 382 -188 210 388 -187 
212 394 -186 223 385 -187 223 396 -186 
212 394 -186 223 396 -186 215 405 -186 
206 414 -186 202 404 -187 212 394 -186 
206 414 -186 212 394 -186 215 405 -186 
198 420 -187 194 412 -188 202 404 -187 
198 420 -187 202 404 -187 206 414 -186 
207 450 -176 212 442 -178 219 428 -176 
207 450 -176 219 428 -176 220 435 -174 
243 328 -191 243 332 -191 244 332 -191 
243 328 -191 244 332 -191 244 327 -191 
226 343 -192 233 338 -192 234 345 -191 
226 343 -192 234 345 -191 227 353 -192 
231 368 -193 231 377 -193 221 373 -194 
231 368 -193 221 373 -194 220 363 -193 
220 363 -193 219 353 -193 226 343 -192 
220 363 -193 226 343 -192 227 353 -192 
246 351 -192 241 350 -192 245 343 -191 
246 351 -192 245 343 -191 250 344 -191 
246 351 -192 240 360 -192 234 358 -192 
246 351 -192 234 358 -192 241 350 -192 
240 360 -192 238 369 -193 231 368 -193 
240 360 -192 231 368 -193 234 358 -192 
216 403 -190 222 399 -191 221 396 -189 
216 403 -190 221 396 -189 216 404 -190 
203 406 -190 204 410 -190 218 407 -191 
203 406 -190 218 407 -191 216 403 -190 
208 406 -189 205 405 -189 216 404 -190 
208 406 -189 216 404 -190 214 408 -189 
198 420 -187 193 427 -187 190 419 -188 
198 420 -187 190 419 -188 194 412 -188 
245 335 -191 243 336 -191 242 332 -191 
245 335 -191 242 332 -191 244 332 -191 
228 416 -182 227 406 -181 226 409 -181 
228 416 -182 226 409 -181 227 420 -182 
244 396 -178 245 394 -178 242 396 -178 
244 396 -178 242 396 -178 243 397 -178 
243 396 -179 244 396 -178 245 397 -179 
243 396 -179 245 397 -179 243 398 -179 
279 312 -197 261 314 -197 263 330 -197 
279 312 -197 263 330 -197 280 326 -198 
262 304 -196 278 301 -196 278 295 -195 
262 304 -196 278 295 -195 268 299 -195 
577 563 -159 522 545 -157 542 485 -160 
577 563 -159 542 485 -160 604 508 -162 
577 563 -159 535 606 -158 497 594 -156 
577 563 -159 497 594 -156 522 545 -157 
542 485 -160 522 545 -157 459 536 -157 
542 485 -160 459 536 -157 478 474 -160 
485 628 -157 418 632 -158 436 590 -157 
485 628 -157 436 590 -157 497 594 -156 
296 310 -197 316 306 -196 313 295 -195 
296 310 -197 313 295 -195 294 300 -196 
288 291 -195 278 295 -195 278 301 -196 
288 291 -195 278 301 -196 294 300 -196 
223 445 -182 226 442 -182 221 441 -181 
223 445 -182 221 441 -181 217 444 -181 
545 664 -164 547 638 -160 601 595 -163 
545 664 -164 601 595 -163 603 624 -166 
601 595 -163 577 563 -159 604 508 -162 
601 595 -163 604 508 -162 634 541 -166 
584 375 -184 557 360 -187 567 385 -189 
584 375 -184 567 385 -189 592 402 -187 
557 360 -187 539 345 -189 548 370 -191 
557 360 -187 548 370 -191 567 385 -189 
491 320 -183 529 337 -184 554 350 -181 
491 320 -183 554 350 -181 507 337 -179 
554 350 -181 579 371 -177 524 356 -175 
554 350 -181 524 356 -175 507 337 -179 
629 494 -183 635 468 -180 616 429 -184 
629 494 -183 616 429 -184 611 454 -186 
351 272 -190 376 271 -187 353 275 -185 
351 272 -190 353 275 -185 332 274 -188 
231 419 -184 232 423 -183 233 433 -184 
231 419 -184 233 433 -184 231 432 -184 
227 411 -184 225 427 -184 219 417 -185 
227 411 -184 219 417 -185 222 403 -185 
539 384 -170 599 405 -172 610 452 -167 
539 384 -170 610 452 -167 547 428 -165 
542 485 -160 478 474 -160 482 419 -165 
542 485 -160 482 419 -165 547 428 -165 
426 415 -166 482 419 -165 478 474 -160 
426 415 -166 478 474 -160 418 467 -162 
380 412 -168 341 409 -169 349 371 -173 
380 412 -168 349 371 -173 381 367 -172 
250 391 -177 241 397 -177 243 397 -177 
250 391 -177 243 397 -177 247 393 -178 
231 412 -175 235 417 -174 220 435 -174 
231 412 -175 220 435 -174 219 428 -176 
345 619 -159 367 579 -158 436 590 -157 
345 619 -159 436 590 -157 418 632 -158 
301 558 -160 334 511 -161 394 526 -159 
301 558 -160 394 526 -159 367 579 -158 
345 619 -159 281 592 -162 301 558 -160 
345 619 -159 301 558 -160 367 579 -158 
245 424 -173 258 431 -171 235 457 -171 
245 424 -173 235 457 -171 225 444 -173 
250 391 -177 254 388 -176 243 399 -176 
250 391 -177 243 399 -176 241 397 -177 
296 310 -197 279 312 -197 280 326 -198 
296 310 -197 280 326 -198 298 322 -198 
250 312 -195 256 306 -194 247 315 -193 
250 312 -195 247 315 -193 243 322 -194 
471 283 -187 479 302 -185 446 290 -185 
471 283 -187 446 290 -185 436 274 -188 
233 405 -183 235 387 -182 230 400 -181 
233 405 -183 230 400 -181 230 411 -183 
230 408 -177 219 423 -177 220 420 -178 
230 408 -177 220 420 -178 232 405 -177 
241 334 -191 238 338 -191 240 338 -191 
241 334 -191 240 338 -191 243 336 -191 
243 332 -191 241 334 -191 243 336 -191 
243 332 -191 243 336 -191 245 335 -191 
223 353 -191 215 368 -191 218 360 -192 
223 353 -191 218 360 -192 227 349 -191 
217 390 -192 212 387 -192 210 382 -192 
217 390 -192 210 382 -192 213 386 -191 
218 360 -192 228 357 -192 234 349 -192 
218 360 -192 234 349 -192 227 349 -191 
234 349 -192 228 357 -192 236 364 -192 
234 349 -192 236 364 -192 238 356 -191 
217 380 -193 227 376 -193 226 369 -193 
217 380 -193 226 369 -193 215 373 -192 
330 683 -166 270 651 -169 269 637 -167 
330 683 -166 269 637 -167 330 668 -164 
225 385 -185 228 371 -185 231 376 -184 
225 385 -185 231 376 -184 227 391 -184 
230 402 -180 227 411 -181 226 409 -181 
230 402 -180 226 409 -181 230 401 -180 
234 404 -178 221 420 -179 222 418 -179 
234 404 -178 222 418 -179 235 402 -178 
233 434 -183 231 427 -183 232 430 -183 
233 434 -183 232 430 -183 237 435 -183 
235 437 -183 237 435 -183 238 436 -183 
235 437 -183 238 436 -183 238 437 -183 
250 312 -195 262 304 -196 268 299 -195 
250 312 -195 268 299 -195 256 306 -194 
250 312 -195 243 322 -194 240 332 -195 
250 312 -195 240 332 -195 246 322 -196 
243 398 -178 246 400 -178 248 398 -178 
243 398 -178 248 398 -178 245 397 -179 
234 431 -183 235 429 -183 240 435 -183 
234 431 -183 240 435 -183 238 436 -183 
235 429 -183 234 431 -183 229 421 -182 
235 429 -183 229 421 -182 232 420 -182 
230 402 -180 238 399 -179 240 398 -179 
230 402 -180 240 398 -179 233 402 -180 
222 418 -179 222 430 -180 224 434 -180 
222 418 -179 224 434 -180 223 424 -179 
243 396 -179 243 394 -179 245 394 -178 
243 396 -179 245 394 -178 244 396 -178 
246 391 -178 247 393 -178 245 394 -178 
246 391 -178 245 394 -178 243 394 -179 
243 397 -177 232 405 -177 234 404 -178 
243 397 -177 234 404 -178 242 396 -178 
221 420 -179 220 420 -178 216 434 -180 
221 420 -179 216 434 -180 218 433 -180 
232 437 -183 230 439 -183 233 433 -184 
232 437 -183 233 433 -184 233 434 -183 
249 310 -192 261 301 -193 265 301 -192 
249 310 -192 265 301 -192 252 310 -191 
278 301 -196 262 304 -196 261 314 -197 
278 301 -196 261 314 -197 279 312 -197 
286 289 -192 310 281 -190 295 292 -189 
286 289 -192 295 292 -189 277 297 -190 
252 339 -191 250 344 -191 245 343 -191 
252 339 -191 245 343 -191 247 338 -191 
244 327 -191 243 327 -191 245 319 -191 
244 327 -191 245 319 -191 245 320 -191 
210 382 -192 215 368 -191 217 371 -190 
210 382 -192 217 371 -190 213 386 -191 
215 368 -191 223 353 -191 223 354 -190 
215 368 -191 223 354 -190 217 371 -190 
231 397 -184 227 411 -184 222 403 -185 
231 397 -184 222 403 -185 227 391 -184 
228 371 -185 231 357 -185 234 358 -184 
228 371 -185 234 358 -184 231 376 -184 
216 430 -185 214 417 -186 219 406 -186 
216 430 -185 219 406 -186 219 417 -185 
215 455 -185 208 445 -185 213 438 -185 
215 455 -185 213 438 -185 219 448 -184 
219 406 -186 222 396 -186 222 403 -185 
219 406 -186 222 403 -185 219 417 -185 
206 472 -181 217 455 -182 212 451 -180 
206 472 -181 212 451 -180 202 463 -178 
214 436 -179 212 442 -178 212 451 -180 
214 436 -179 212 451 -180 217 444 -181 
225 444 -173 235 457 -171 217 481 -172 
225 444 -173 217 481 -172 211 463 -174 
226 442 -182 230 439 -183 232 437 -183 
226 442 -182 232 437 -183 228 440 -182 
235 437 -183 233 437 -183 228 440 -182 
235 437 -183 228 440 -182 232 437 -183 
233 437 -183 235 437 -183 238 437 -183 
233 437 -183 238 437 -183 237 438 -183 
280 404 -172 307 407 -171 283 439 -169 
280 404 -172 283 439 -169 258 431 -171 
502 264 -190 504 282 -189 463 267 -189 
502 264 -190 463 267 -189 457 253 -191 
350 279 -199 343 290 -198 330 304 -200 
350 279 -199 330 304 -200 339 294 -201 
409 276 -188 436 274 -188 446 290 -185 
409 276 -188 446 290 -185 421 287 -185 
239 328 -192 243 327 -191 242 332 -191 
239 328 -192 242 332 -191 239 334 -191 
409 276 -188 391 277 -188 368 277 -191 
409 276 -188 368 277 -191 388 270 -192 
409 276 -188 421 287 -185 404 286 -185 
409 276 -188 404 286 -185 391 277 -188 
584 375 -184 592 402 -187 616 429 -184 
584 375 -184 616 429 -184 610 399 -181 
547 390 -192 567 406 -191 567 385 -189 
547 390 -192 567 385 -189 548 370 -191 
567 406 -191 590 426 -189 592 402 -187 
567 406 -191 592 402 -187 567 385 -189 
637 571 -170 630 594 -174 597 644 -170 
637 571 -170 597 644 -170 603 624 -166 
541 682 -166 545 664 -164 603 624 -166 
541 682 -166 603 624 -166 597 644 -170 
548 370 -191 537 354 -192 535 373 -194 
548 370 -191 535 373 -194 547 390 -192 
641 485 -171 644 517 -175 637 571 -170 
641 485 -171 637 571 -170 634 541 -166 
541 682 -166 477 699 -165 479 684 -162 
541 682 -166 479 684 -162 545 664 -164 
388 270 -192 426 262 -190 436 274 -188 
388 270 -192 436 274 -188 409 276 -188 
436 274 -188 426 262 -190 463 267 -189 
436 274 -188 463 267 -189 471 283 -187 
504 282 -189 508 300 -188 471 283 -187 
504 282 -189 471 283 -187 463 267 -189 
508 300 -188 504 282 -189 525 314 -192 
508 300 -188 525 314 -192 530 329 -190 
537 354 -192 529 339 -193 527 358 -195 
537 354 -192 527 358 -195 535 373 -194 
547 428 -165 610 452 -167 604 508 -162 
547 428 -165 604 508 -162 542 485 -160 
637 542 -179 644 517 -175 635 468 -180 
637 542 -179 635 468 -180 629 494 -183 
610 452 -167 599 405 -172 631 436 -176 
610 452 -167 631 436 -176 641 485 -171 
423 379 -170 475 376 -171 482 419 -165 
423 379 -170 482 419 -165 426 415 -166 
204 503 -174 210 530 -170 205 550 -172 
204 503 -174 205 550 -172 200 520 -176 
208 577 -176 204 543 -179 201 532 -177 
208 577 -176 201 532 -177 205 565 -174 
201 532 -177 201 504 -180 199 495 -179 
201 532 -177 199 495 -179 200 520 -176 
270 651 -169 229 614 -172 227 600 -170 
270 651 -169 227 600 -170 269 637 -167 
205 565 -174 227 600 -170 229 614 -172 
205 565 -174 229 614 -172 208 577 -176 
263 354 -179 254 348 -181 267 331 -181 
263 354 -179 267 331 -181 276 340 -179 
276 340 -179 267 331 -181 285 317 -182 
276 340 -179 285 317 -182 294 326 -180 
316 314 -180 294 326 -180 285 317 -182 
316 314 -180 285 317 -182 308 306 -183 
276 293 -194 286 289 -192 265 301 -192 
276 293 -194 265 301 -192 261 301 -193 
239 328 -192 243 320 -192 245 319 -191 
239 328 -192 245 319 -191 243 327 -191 
239 334 -191 242 332 -191 243 336 -191 
239 334 -191 243 336 -191 240 339 -191 
240 339 -191 243 336 -191 247 338 -191 
240 339 -191 247 338 -191 245 343 -191 
242 390 -179 249 384 -179 252 386 -178 
242 390 -179 252 386 -178 246 391 -178 
243 394 -179 243 396 -179 237 397 -179 
243 394 -179 237 397 -179 239 394 -179 
243 396 -179 243 398 -179 238 399 -179 
243 396 -179 238 399 -179 237 397 -179 
239 394 -179 242 390 -179 246 391 -178 
239 394 -179 246 391 -178 243 394 -179 
256 531 -164 227 504 -168 253 472 -168 
256 531 -164 253 472 -168 286 492 -164 
237 560 -166 210 530 -170 227 504 -168 
237 560 -166 227 504 -168 256 531 -164 
258 431 -171 283 439 -169 253 472 -168 
258 431 -171 253 472 -168 235 457 -171 
230 408 -177 241 397 -177 243 399 -176 
230 408 -177 243 399 -176 231 412 -175 
230 408 -177 231 412 -175 219 428 -176 
230 408 -177 219 428 -176 219 423 -177 
219 423 -177 219 428 -176 212 442 -178 
219 423 -177 212 442 -178 214 436 -179 
242 323 -189 247 319 -188 239 331 -187 
242 323 -189 239 331 -187 237 333 -189 
247 315 -193 240 323 -193 238 332 -194 
247 315 -193 238 332 -194 243 322 -194 
247 315 -193 249 310 -192 243 320 -192 
247 315 -193 243 320 -192 240 323 -193 
255 311 -189 247 316 -190 251 312 -191 
255 311 -189 251 312 -191 261 304 -190 
225 366 -189 230 367 -188 229 376 -187 
225 366 -189 229 376 -187 224 377 -189 
221 400 -188 221 396 -189 222 384 -188 
221 400 -188 222 384 -188 217 391 -188 
217 382 -188 223 385 -187 212 394 -186 
217 382 -188 212 394 -186 210 388 -187 
217 382 -188 215 389 -188 217 391 -188 
217 382 -188 217 391 -188 222 384 -188 
216 464 -183 221 453 -183 217 455 -182 
216 464 -183 217 455 -182 206 472 -181 
254 348 -181 246 344 -183 258 327 -183 
254 348 -181 258 327 -183 267 331 -181 
294 300 -196 278 301 -196 279 312 -197 
294 300 -196 279 312 -197 296 310 -197 
238 369 -193 238 377 -193 231 377 -193 
238 369 -193 231 377 -193 231 368 -193 
231 368 -193 220 363 -193 227 353 -192 
231 368 -193 227 353 -192 234 358 -192 
228 346 -194 229 361 -195 238 355 -195 
228 346 -194 238 355 -195 237 342 -194 
220 367 -194 229 361 -195 228 346 -194 
220 367 -194 228 346 -194 219 353 -193 
240 332 -195 237 342 -194 238 355 -195 
240 332 -195 238 355 -195 240 348 -196 
240 332 -195 240 348 -196 247 337 -197 
240 332 -195 247 337 -197 246 322 -196 
242 383 -180 235 387 -182 245 365 -181 
242 383 -180 245 365 -181 252 369 -180 
235 387 -182 242 383 -180 235 393 -180 
235 387 -182 235 393 -180 230 400 -181 
226 409 -181 227 406 -181 231 398 -180 
226 409 -181 231 398 -180 230 401 -180 
226 409 -181 227 411 -181 229 421 -182 
226 409 -181 229 421 -182 227 420 -182 
235 387 -182 233 405 -183 231 397 -184 
235 387 -182 231 397 -184 232 381 -183 
231 397 -184 227 391 -184 231 376 -184 
231 397 -184 231 376 -184 232 381 -183 
204 410 -190 203 406 -190 193 412 -189 
204 410 -190 193 412 -189 192 417 -190 
205 405 -189 203 406 -190 216 403 -190 
205 405 -189 216 403 -190 216 404 -190 
225 427 -184 227 411 -184 231 419 -184 
225 427 -184 231 419 -184 231 432 -184 
221 420 -179 234 404 -178 232 405 -177 
221 420 -179 232 405 -177 220 420 -178 
227 406 -181 228 416 -182 230 411 -183 
227 406 -181 230 411 -183 230 400 -181 
243 397 -177 242 396 -178 245 394 -178 
243 397 -177 245 394 -178 247 393 -178 
231 427 -183 233 434 -183 233 433 -184 
231 427 -183 233 433 -184 232 423 -183 
221 441 -181 226 442 -182 228 440 -182 
221 441 -181 228 440 -182 223 440 -181 
221 441 -181 223 440 -181 218 433 -180 
221 441 -181 218 433 -180 216 434 -180 
232 423 -183 230 411 -183 228 416 -182 
232 423 -183 228 416 -182 231 427 -183 
239 394 -179 237 397 -179 230 401 -180 
239 394 -179 230 401 -180 231 398 -180 
231 398 -180 227 406 -181 230 400 -181 
231 398 -180 230 400 -181 235 393 -180 
237 397 -179 238 399 -179 230 402 -180 
237 397 -179 230 402 -180 230 401 -180 
230 439 -183 226 442 -182 223 445 -182 
230 439 -183 223 445 -182 227 442 -183 
223 439 -184 219 448 -184 213 438 -185 
223 439 -184 213 438 -185 216 430 -185 
215 393 -188 210 388 -187 204 398 -188 
215 393 -188 204 398 -188 210 400 -188 
210 388 -187 212 394 -186 202 404 -187 
210 388 -187 202 404 -187 204 398 -188 
293 379 -174 280 404 -172 263 402 -173 
293 379 -174 263 402 -173 276 383 -175 
283 366 -176 300 359 -176 293 379 -174 
283 366 -176 293 379 -174 276 383 -175 
300 342 -178 283 352 -178 276 340 -179 
300 342 -178 276 340 -179 294 326 -180 
280 302 -187 295 302 -185 275 313 -184 
280 302 -187 275 313 -184 264 313 -185 
275 313 -184 295 302 -185 308 306 -183 
275 313 -184 308 306 -183 285 317 -182 
295 292 -189 280 302 -187 266 305 -188 
295 292 -189 266 305 -188 277 297 -190 
254 315 -187 247 319 -188 255 311 -189 
254 315 -187 255 311 -189 266 305 -188 
342 303 -181 316 314 -180 308 306 -183 
342 303 -181 308 306 -183 330 291 -184 
247 316 -190 255 311 -189 247 319 -188 
247 316 -190 247 319 -188 242 323 -189 
251 312 -191 247 316 -190 243 323 -190 
251 312 -191 243 323 -190 245 320 -191 
243 332 -191 243 328 -191 240 331 -190 
243 332 -191 240 331 -190 241 334 -191 
300 359 -176 300 342 -178 321 330 -178 
300 359 -176 321 330 -178 323 351 -176 
381 367 -172 423 379 -170 426 415 -166 
381 367 -172 426 415 -166 380 412 -168 
249 384 -179 242 390 -179 235 393 -180 
249 384 -179 235 393 -180 242 383 -180 
242 390 -179 239 394 -179 231 398 -180 
242 390 -179 231 398 -180 235 393 -180 
316 314 -180 321 330 -178 300 342 -178 
316 314 -180 300 342 -178 294 326 -180 
222 399 -191 223 402 -191 220 396 -192 
222 399 -191 220 396 -192 218 391 -191 
228 371 -185 229 368 -186 230 356 -187 
228 371 -185 230 356 -187 231 357 -185 
230 367 -188 229 368 -186 228 379 -186 
230 367 -188 228 379 -186 229 376 -187 
225 366 -189 227 354 -189 232 356 -188 
225 366 -189 232 356 -188 230 367 -188 
227 354 -189 225 366 -189 217 371 -190 
227 354 -189 217 371 -190 223 354 -190 
224 377 -189 217 384 -190 217 371 -190 
224 377 -189 217 371 -190 225 366 -189 
223 353 -191 227 349 -191 235 343 -191 
223 353 -191 235 343 -191 231 344 -191 
227 349 -191 234 349 -192 240 343 -191 
227 349 -191 240 343 -191 235 343 -191 
240 343 -191 234 349 -192 238 356 -191 
240 343 -191 238 356 -191 244 348 -191 
223 353 -191 231 344 -191 229 344 -190 
223 353 -191 229 344 -190 223 354 -190 
199 405 -189 206 403 -189 210 400 -188 
199 405 -189 210 400 -188 204 398 -188 
206 414 -186 215 405 -186 214 417 -186 
206 414 -186 214 417 -186 210 425 -186 
221 453 -183 219 448 -184 223 439 -184 
221 453 -183 223 439 -184 227 442 -183 
216 464 -183 215 455 -185 219 448 -184 
216 464 -183 219 448 -184 221 453 -183 
214 472 -184 212 461 -185 215 455 -185 
214 472 -184 215 455 -185 216 464 -183 
214 478 -184 212 466 -185 212 461 -185 
214 478 -184 212 461 -185 214 472 -184 
479 684 -162 404 685 -163 407 664 -160 
479 684 -162 407 664 -160 482 660 -160 
271 618 -164 333 648 -161 330 668 -164 
271 618 -164 330 668 -164 269 637 -167 
229 583 -168 237 560 -166 281 592 -162 
229 583 -168 281 592 -162 271 618 -164 
547 428 -165 482 419 -165 475 376 -171 
547 428 -165 475 376 -171 539 384 -170 
245 319 -191 243 320 -192 249 310 -192 
245 319 -191 249 310 -192 252 310 -191 
219 353 -193 220 363 -193 221 373 -194 
219 353 -193 221 373 -194 220 367 -194 
246 398 -179 243 398 -179 245 397 -179 
246 398 -179 245 397 -179 248 398 -178 
366 267 -197 360 278 -195 343 290 -198 
366 267 -197 343 290 -198 350 279 -199 
426 262 -190 420 249 -192 457 253 -191 
426 262 -190 457 253 -191 463 267 -189 
525 314 -192 522 299 -192 524 326 -194 
525 314 -192 524 326 -194 529 339 -193 
388 270 -192 386 254 -194 420 249 -192 
388 270 -192 420 249 -192 426 262 -190 
388 270 -192 368 277 -191 340 286 -194 
388 270 -192 340 286 -194 360 278 -195 
529 339 -193 524 326 -194 521 345 -196 
529 339 -193 521 345 -196 527 358 -195 
485 628 -157 535 606 -158 547 638 -160 
485 628 -157 547 638 -160 482 660 -160 
515 319 -186 508 300 -188 530 329 -190 
515 319 -186 530 329 -190 539 345 -189 
603 624 -166 601 595 -163 634 541 -166 
603 624 -166 634 541 -166 637 571 -170 
557 360 -187 584 375 -184 554 350 -181 
557 360 -187 554 350 -181 529 337 -184 
539 345 -189 557 360 -187 529 337 -184 
539 345 -189 529 337 -184 515 319 -186 
599 405 -172 579 371 -177 610 399 -181 
599 405 -172 610 399 -181 631 436 -176 
610 452 -167 641 485 -171 634 541 -166 
610 452 -167 634 541 -166 604 508 -162 
530 329 -190 525 314 -192 529 339 -193 
530 329 -190 529 339 -193 537 354 -192 
641 485 -171 631 436 -176 635 468 -180 
641 485 -171 635 468 -180 644 517 -175 
522 299 -192 525 314 -192 504 282 -189 
522 299 -192 504 282 -189 502 264 -190 
239 363 -183 246 344 -183 254 348 -181 
239 363 -183 254 348 -181 245 365 -181 
283 352 -178 283 366 -176 269 372 -177 
283 352 -178 269 372 -177 268 363 -178 
283 439 -169 319 449 -166 286 492 -164 
283 439 -169 286 492 -164 253 472 -168 
283 439 -169 307 407 -171 341 409 -169 
283 439 -169 341 409 -169 319 449 -166 
522 545 -157 497 594 -156 436 590 -157 
522 545 -157 436 590 -157 459 536 -157 
577 563 -159 601 595 -163 547 638 -160 
577 563 -159 547 638 -160 535 606 -158 
231 376 -184 234 358 -184 239 363 -183 
231 376 -184 239 363 -183 232 381 -183 
229 368 -186 230 367 -188 232 356 -188 
229 368 -186 232 356 -188 230 356 -187 
234 358 -184 231 357 -185 236 342 -186 
234 358 -184 236 342 -186 238 341 -184 
230 356 -187 234 343 -187 236 342 -186 
230 356 -187 236 342 -186 231 357 -185 
232 356 -188 227 354 -189 231 343 -189 
232 356 -188 231 343 -189 234 344 -188 
223 354 -190 229 344 -190 231 343 -189 
223 354 -190 231 343 -189 227 354 -189 
222 399 -191 216 403 -190 218 407 -191 
222 399 -191 218 407 -191 223 402 -191 
217 382 -188 222 384 -188 227 381 -187 
217 382 -188 227 381 -187 223 385 -187 
420 322 -177 410 318 -176 401 319 -177 
420 322 -177 401 319 -177 413 320 -179 
398 337 -174 401 319 -177 410 318 -176 
398 337 -174 410 318 -176 406 328 -174 
417 351 -172 398 337 -174 406 328 -174 
417 351 -172 406 328 -174 420 339 -171 
451 349 -170 417 351 -172 420 339 -171 
451 349 -170 420 339 -171 449 338 -170 
473 342 -171 451 349 -170 449 338 -170 
473 342 -171 449 338 -170 467 331 -171 
483 324 -174 473 342 -171 467 331 -171 
483 324 -174 467 331 -171 474 315 -173 
476 304 -177 483 324 -174 474 315 -173 
476 304 -177 474 315 -173 470 297 -176 
432 282 -181 454 292 -180 448 286 -179 
432 282 -181 448 286 -179 428 281 -180 
411 278 -182 432 282 -181 428 281 -180 
411 278 -182 428 281 -180 408 274 -181 
424 343 -172 420 339 -171 406 328 -174 
424 343 -172 406 328 -174 415 336 -174 
446 342 -172 449 338 -170 420 339 -171 
446 342 -172 420 339 -171 424 343 -172 
462 336 -172 467 331 -171 449 338 -170 
462 336 -172 449 338 -170 446 342 -172 
467 324 -173 474 315 -173 467 331 -171 
467 324 -173 467 331 -171 462 336 -172 
474 315 -173 467 324 -173 466 304 -177 
474 315 -173 466 304 -177 470 297 -176 
448 286 -179 442 290 -179 423 285 -180 
448 286 -179 423 285 -180 428 281 -180 
404 283 -180 408 274 -181 428 281 -180 
404 283 -180 428 281 -180 423 285 -180 
391 291 -181 393 284 -182 408 274 -181 
391 291 -181 408 274 -181 404 283 -180 
421 306 -179 413 320 -179 407 310 -180 
421 306 -179 407 310 -180 410 304 -180 
384 327 -177 401 319 -177 398 337 -174 
384 327 -177 398 337 -174 391 348 -174 
398 337 -174 417 351 -172 417 360 -172 
398 337 -174 417 360 -172 391 348 -174 
455 356 -172 417 360 -172 417 351 -172 
455 356 -172 417 351 -172 451 349 -170 
473 340 -175 455 356 -172 473 342 -171 
473 340 -175 473 342 -171 483 324 -174 
473 340 -175 483 324 -174 476 304 -177 
473 340 -175 476 304 -177 468 321 -179 
454 292 -180 432 282 -181 430 296 -182 
454 292 -180 430 296 -182 451 307 -181 
411 278 -182 408 290 -183 430 296 -182 
411 278 -182 430 296 -182 432 282 -181 
411 278 -182 393 284 -182 389 293 -182 
411 278 -182 389 293 -182 408 290 -183 
391 291 -181 383 298 -181 389 293 -182 
391 291 -181 389 293 -182 393 284 -182 
406 328 -174 410 318 -176 420 322 -177 
406 328 -174 420 322 -177 415 336 -174 
421 306 -179 418 293 -179 436 298 -179 
421 306 -179 436 298 -179 431 310 -178 
421 306 -179 410 304 -180 404 293 -180 
421 306 -179 404 293 -180 418 293 -179 
404 293 -180 410 304 -180 407 310 -180 
404 293 -180 407 310 -180 398 298 -179 
407 310 -180 413 320 -179 401 319 -177 
407 310 -180 401 319 -177 398 298 -179 
446 342 -172 438 324 -174 467 324 -173 
446 342 -172 467 324 -173 462 336 -172 
438 324 -174 454 303 -177 466 304 -177 
438 324 -174 466 304 -177 467 324 -173 
442 290 -179 448 286 -179 470 297 -176 
442 290 -179 470 297 -176 466 304 -177 
470 297 -176 448 286 -179 454 292 -180 
470 297 -176 454 292 -180 476 304 -177 
451 307 -181 468 321 -179 476 304 -177 
451 307 -181 476 304 -177 454 292 -180 
438 324 -174 446 342 -172 424 343 -172 
438 324 -174 424 343 -172 415 336 -174 
436 298 -179 442 290 -179 466 304 -177 
436 298 -179 466 304 -177 454 303 -177 
413 320 -179 421 306 -179 431 310 -178 
413 320 -179 431 310 -178 420 322 -177 
391 291 -181 404 283 -180 404 293 -180 
391 291 -181 404 293 -180 398 298 -179 
436 298 -179 418 293 -179 423 285 -180 
436 298 -179 423 285 -180 442 290 -179 
401 319 -177 384 327 -177 383 310 -179 
401 319 -177 383 310 -179 398 298 -179 
383 310 -179 383 298 -181 391 291 -181 
383 310 -179 391 291 -181 398 298 -179 
478 330 -179 468 321 -179 451 307 -181 
478 330 -179 451 307 -181 458 308 -182 
478 330 -179 486 350 -175 473 340 -175 
478 330 -179 473 340 -175 468 321 -179 
430 296 -182 421 287 -185 446 290 -185 
430 296 -182 446 290 -185 458 308 -182 
430 296 -182 408 290 -183 404 286 -185 
430 296 -182 404 286 -185 421 287 -185 
486 350 -175 475 376 -171 455 356 -172 
486 350 -175 455 356 -172 473 340 -175 
524 356 -175 539 384 -170 475 376 -171 
524 356 -175 475 376 -171 486 350 -175 
479 302 -185 491 320 -183 458 308 -182 
479 302 -185 458 308 -182 446 290 -185 
491 320 -183 507 337 -179 478 330 -179 
491 320 -183 478 330 -179 458 308 -182 
384 327 -177 369 334 -176 368 314 -179 
384 327 -177 368 314 -179 383 310 -179 
383 298 -181 368 294 -182 388 284 -184 
383 298 -181 388 284 -184 389 293 -182 
404 293 -180 404 283 -180 423 285 -180 
404 293 -180 423 285 -180 418 293 -179 
381 367 -172 391 348 -174 417 360 -172 
381 367 -172 417 360 -172 423 379 -170 
389 293 -182 388 284 -184 404 286 -185 
389 293 -182 404 286 -185 408 290 -183 
298 322 -198 316 322 -198 316 306 -196 
298 322 -198 316 306 -196 296 310 -197 
221 453 -183 227 442 -183 223 445 -182 
221 453 -183 223 445 -182 217 455 -182 
269 372 -177 259 379 -177 258 372 -178 
269 372 -177 258 372 -178 268 363 -178 
369 334 -176 347 341 -176 345 318 -178 
369 334 -176 345 318 -178 368 314 -179 
283 366 -176 283 352 -178 300 342 -178 
283 366 -176 300 342 -178 300 359 -176 
323 351 -176 321 330 -178 345 318 -178 
323 351 -176 345 318 -178 347 341 -176 
259 379 -177 252 386 -178 249 384 -179 
259 379 -177 249 384 -179 258 372 -178 
368 294 -182 383 298 -181 383 310 -179 
368 294 -182 383 310 -179 368 314 -179 
199 405 -189 205 405 -189 208 406 -189 
199 405 -189 208 406 -189 206 403 -189 
229 344 -190 236 337 -190 235 334 -190 
229 344 -190 235 334 -190 231 343 -189 
239 327 -190 235 334 -190 236 337 -190 
239 327 -190 236 337 -190 240 331 -190 
245 320 -191 243 323 -190 243 328 -191 
245 320 -191 243 328 -191 244 327 -191 
239 363 -183 245 365 -181 235 387 -182 
239 363 -183 235 387 -182 232 381 -183 
388 270 -192 360 278 -195 366 267 -197 
388 270 -192 366 267 -197 386 254 -194 
579 371 -177 599 405 -172 539 384 -170 
579 371 -177 539 384 -170 524 356 -175 
611 454 -186 616 429 -184 592 402 -187 
611 454 -186 592 402 -187 590 426 -189 
616 429 -184 635 468 -180 631 436 -176 
616 429 -184 631 436 -176 610 399 -181 
579 371 -177 554 350 -181 584 375 -184 
579 371 -177 584 375 -184 610 399 -181 
478 330 -179 507 337 -179 524 356 -175 
478 330 -179 524 356 -175 486 350 -175 
384 327 -177 391 348 -174 381 367 -172 
384 327 -177 381 367 -172 369 334 -176 
333 648 -161 345 619 -159 418 632 -158 
333 648 -161 418 632 -158 407 664 -160 
394 526 -159 418 467 -162 478 474 -160 
394 526 -159 478 474 -160 459 536 -157 
367 579 -158 394 526 -159 459 536 -157 
367 579 -158 459 536 -157 436 590 -157 
330 683 -166 330 668 -164 404 685 -163 
330 683 -166 404 685 -163 403 699 -165 
475 376 -171 423 379 -170 417 360 -172 
475 376 -171 417 360 -172 455 356 -172 
206 472 -181 207 485 -182 214 472 -184 
206 472 -181 214 472 -184 216 464 -183 
209 492 -183 214 478 -184 214 472 -184 
209 492 -183 214 472 -184 207 485 -182 
243 366 -193 245 356 -192 258 343 -193 
243 366 -193 258 343 -193 255 365 -194 
261 333 -192 258 343 -193 250 347 -192 
261 333 -192 250 347 -192 254 340 -191 
261 335 -191 261 333 -192 254 340 -191 
261 335 -191 254 340 -191 256 337 -191 
257 337 -191 261 335 -191 256 337 -191 
257 337 -191 256 337 -191 256 336 -191 
254 355 -190 284 387 -190 291 347 -191 
254 355 -190 291 347 -191 269 342 -191 
257 342 -190 269 342 -191 261 335 -191 
257 342 -190 261 335 -191 257 337 -191 
261 333 -192 277 334 -192 292 340 -194 
261 333 -192 292 340 -194 258 343 -193 
243 398 -178 235 403 -178 235 409 -178 
243 398 -178 235 409 -178 246 400 -178 
223 424 -179 235 409 -178 235 403 -178 
223 424 -179 235 403 -178 222 418 -179 
245 434 -183 247 440 -183 240 437 -183 
245 434 -183 240 437 -183 240 435 -183 
245 434 -183 240 435 -183 235 429 -183 
245 434 -183 235 429 -183 240 423 -183 
240 398 -179 249 401 -179 241 409 -181 
240 398 -179 241 409 -181 233 402 -180 
224 434 -180 222 430 -180 229 438 -182 
224 434 -180 229 438 -182 233 442 -182 
227 411 -181 230 402 -180 233 402 -180 
227 411 -181 233 402 -180 230 410 -181 
227 411 -181 230 410 -181 232 420 -182 
227 411 -181 232 420 -182 229 421 -182 
249 401 -179 246 398 -179 248 398 -178 
249 401 -179 248 398 -178 251 406 -178 
238 399 -179 243 398 -179 246 398 -179 
238 399 -179 246 398 -179 240 398 -179 
251 406 -178 246 400 -178 235 409 -178 
251 406 -178 235 409 -178 242 420 -178 
242 420 -178 235 409 -178 223 424 -179 
242 420 -178 223 424 -179 234 435 -179 
237 438 -183 239 442 -182 233 442 -182 
237 438 -183 233 442 -182 229 438 -182 
233 442 -182 241 443 -181 234 435 -179 
233 442 -182 234 435 -179 224 434 -180 
232 420 -182 230 410 -181 241 409 -181 
232 420 -182 241 409 -181 240 423 -183 
239 442 -182 243 442 -182 241 443 -181 
239 442 -182 241 443 -181 233 442 -182 
240 439 -183 240 437 -183 247 440 -183 
240 439 -183 247 440 -183 243 442 -182 
286 289 -192 276 293 -194 288 291 -195 
286 289 -192 288 291 -195 304 285 -193 
261 314 -197 246 322 -196 247 337 -197 
261 314 -197 247 337 -197 263 330 -197 
316 322 -198 323 314 -199 331 298 -197 
316 322 -198 331 298 -197 316 306 -196 
304 285 -193 288 291 -195 294 300 -196 
304 285 -193 294 300 -196 313 295 -195 
391 277 -188 404 286 -185 388 284 -184 
391 277 -188 388 284 -184 376 271 -187 
436 298 -179 454 303 -177 438 324 -174 
436 298 -179 438 324 -174 431 310 -178 
215 393 -188 210 400 -188 214 408 -189 
215 393 -188 214 408 -189 221 400 -188 
217 391 -188 215 389 -188 215 393 -188 
217 391 -188 215 393 -188 221 400 -188 
248 373 -191 250 388 -192 286 403 -191 
248 373 -191 286 403 -191 284 387 -190 
258 343 -193 292 340 -194 292 358 -195 
258 343 -193 292 358 -195 255 365 -194 
292 340 -194 319 367 -192 320 379 -193 
292 340 -194 320 379 -193 292 358 -195 
284 387 -190 286 403 -191 320 379 -193 
284 387 -190 320 379 -193 319 367 -192 
501 231 -191 507 213 -191 535 246 -194 
501 231 -191 535 246 -194 528 266 -194 
354 256 -202 359 237 -200 365 254 -198 
354 256 -202 365 254 -198 354 268 -200 
453 238 -192 415 231 -194 410 203 -196 
453 238 -192 410 203 -196 453 218 -193 
426 178 -195 457 193 -193 453 218 -193 
426 178 -195 453 218 -193 410 203 -196 
349 240 -203 338 228 -203 338 211 -202 
349 240 -203 338 211 -202 350 223 -201 
507 213 -191 457 193 -193 465 160 -192 
507 213 -191 465 160 -192 516 184 -191 
387 183 -197 373 162 -197 402 145 -196 
387 183 -197 402 145 -196 405 168 -196 
350 223 -201 338 211 -202 352 186 -200 
350 223 -201 352 186 -200 370 201 -200 
352 186 -200 373 162 -197 387 183 -197 
352 186 -200 387 183 -197 370 201 -200 
549 219 -195 548 255 -199 535 279 -197 
549 219 -195 535 279 -197 535 246 -194 
535 279 -197 532 308 -199 524 322 -198 
535 279 -197 524 322 -198 526 297 -196 
541 291 -201 532 308 -199 535 279 -197 
541 291 -201 535 279 -197 548 255 -199 
507 213 -191 516 184 -191 549 219 -195 
507 213 -191 549 219 -195 535 246 -194 
453 218 -193 457 193 -193 507 213 -191 
453 218 -193 507 213 -191 501 231 -191 
410 203 -196 387 183 -197 405 168 -196 
410 203 -196 405 168 -196 426 178 -195 
402 145 -196 433 147 -194 426 178 -195 
402 145 -196 426 178 -195 405 168 -196 
465 160 -192 457 193 -193 426 178 -195 
465 160 -192 426 178 -195 433 147 -194 
523 284 -193 522 312 -195 524 326 -194 
523 284 -193 524 326 -194 522 299 -192 
379 218 -198 410 203 -196 415 231 -194 
379 218 -198 415 231 -194 381 236 -196 
379 218 -198 381 236 -196 365 254 -198 
379 218 -198 365 254 -198 359 237 -200 
519 333 -197 521 345 -196 524 326 -194 
519 333 -197 524 326 -194 522 312 -195 
354 256 -202 349 240 -203 350 223 -201 
354 256 -202 350 223 -201 359 237 -200 
370 201 -200 387 183 -197 410 203 -196 
370 201 -200 410 203 -196 379 218 -198 
379 218 -198 359 237 -200 350 223 -201 
379 218 -198 350 223 -201 370 201 -200 
357 252 -204 349 240 -203 354 256 -202 
357 252 -204 354 256 -202 356 269 -203 
453 238 -192 453 218 -193 501 231 -191 
453 238 -192 501 231 -191 499 248 -190 
338 228 -203 349 240 -203 357 252 -204 
338 228 -203 357 252 -204 344 243 -205 
453 238 -192 499 248 -190 502 264 -190 
453 238 -192 502 264 -190 457 253 -191 
347 283 -201 354 268 -200 350 279 -199 
347 283 -201 350 279 -199 339 294 -201 
535 246 -194 535 279 -197 526 297 -196 
535 246 -194 526 297 -196 528 266 -194 
499 248 -190 523 284 -193 522 299 -192 
499 248 -190 522 299 -192 502 264 -190 
354 268 -200 365 254 -198 366 267 -197 
354 268 -200 366 267 -197 350 279 -199 
457 253 -191 420 249 -192 415 231 -194 
457 253 -191 415 231 -194 453 238 -192 
528 266 -194 526 297 -196 522 312 -195 
528 266 -194 522 312 -195 523 284 -193 
381 236 -196 415 231 -194 420 249 -192 
381 236 -196 420 249 -192 386 254 -194 
365 254 -198 381 236 -196 386 254 -194 
365 254 -198 386 254 -194 366 267 -197 
524 322 -198 519 333 -197 522 312 -195 
524 322 -198 522 312 -195 526 297 -196 
356 269 -203 354 256 -202 354 268 -200 
356 269 -203 354 268 -200 347 283 -201 
501 231 -191 528 266 -194 523 284 -193 
501 231 -191 523 284 -193 499 248 -190 
553 271 -203 541 291 -201 548 255 -199 
553 271 -203 548 255 -199 564 230 -200 
526 147 -191 516 184 -191 465 160 -192 
526 147 -191 465 160 -192 473 122 -191 
516 184 -191 526 147 -191 559 186 -195 
516 184 -191 559 186 -195 549 219 -195 
331 190 -202 338 211 -202 338 228 -203 
331 190 -202 338 228 -203 326 214 -204 
365 137 -197 373 162 -197 352 186 -200 
365 137 -197 352 186 -200 342 164 -199 
465 160 -192 433 147 -194 432 113 -192 
465 160 -192 432 113 -192 473 122 -191 
394 118 -194 402 145 -196 373 162 -197 
394 118 -194 373 162 -197 365 137 -197 
559 186 -195 564 230 -200 548 255 -199 
559 186 -195 548 255 -199 549 219 -195 
326 214 -204 338 228 -203 344 243 -205 
326 214 -204 344 243 -205 333 235 -206 
338 211 -202 331 190 -202 342 164 -199 
338 211 -202 342 164 -199 352 186 -200 
394 118 -194 432 113 -192 433 147 -194 
394 118 -194 433 147 -194 402 145 -196 
235 403 -178 235 402 -178 222 418 -179 
235 403 -178 222 418 -179 222 418 -179 
245 335 -191 244 332 -191 243 332 -191 
245 335 -191 243 332 -191 245 335 -191 
243 398 -178 245 397 -179 244 396 -178 
243 398 -178 244 396 -178 243 397 -178 
261 335 -191 269 342 -191 277 334 -192 
261 335 -191 277 334 -192 261 333 -192 
235 403 -178 243 398 -178 243 397 -178 
235 403 -178 243 397 -178 235 402 -178 
248 337 -191 245 335 -191 245 335 -191 
248 337 -191 245 335 -191 249 337 -191 
245 340 -191 248 338 -191 243 336 -191 
245 340 -191 243 336 -191 240 338 -191 
264 397 -196 268 402 -196 264 402 -196 
264 397 -196 264 402 -196 261 399 -196 
255 405 -193 250 388 -192 239 386 -194 
255 405 -193 239 386 -194 242 393 -194 
246 381 -194 252 387 -195 247 391 -195 
246 381 -194 247 391 -195 241 385 -194 
258 392 -196 255 396 -195 247 391 -195 
258 392 -196 247 391 -195 252 387 -195 
258 392 -196 264 397 -196 261 399 -196 
258 392 -196 261 399 -196 255 396 -195 
264 406 -196 265 405 -196 269 407 -196 
264 406 -196 269 407 -196 269 409 -196 
268 404 -196 265 403 -196 264 402 -196 
268 404 -196 264 402 -196 268 402 -196 
269 407 -196 265 405 -196 265 403 -196 
269 407 -196 265 403 -196 268 404 -196 
264 406 -196 269 409 -196 265 411 -195 
264 406 -196 265 411 -195 260 404 -196 
246 381 -194 241 385 -194 238 377 -193 
246 381 -194 238 377 -193 243 374 -194 
255 405 -193 247 398 -195 255 401 -195 
255 405 -193 255 401 -195 265 411 -195 
314 379 -200 301 395 -200 324 412 -200 
314 379 -200 324 412 -200 336 395 -200 
276 463 -197 288 455 -198 277 441 -197 
276 463 -197 277 441 -197 268 450 -197 
491 429 -199 458 436 -200 464 455 -198 
491 429 -199 464 455 -198 497 446 -197 
361 559 -193 386 560 -193 376 530 -196 
361 559 -193 376 530 -196 360 534 -195 
346 372 -200 364 361 -201 346 332 -200 
346 372 -200 346 332 -200 334 341 -200 
298 365 -200 287 359 -200 278 364 -199 
298 365 -200 278 364 -199 288 375 -200 
334 341 -200 320 343 -199 320 362 -200 
334 341 -200 320 362 -200 346 372 -200 
346 372 -200 320 362 -200 314 379 -200 
346 372 -200 314 379 -200 336 395 -200 
413 644 -187 419 607 -190 385 598 -190 
413 644 -187 385 598 -190 373 631 -187 
293 561 -191 277 569 -190 289 580 -189 
293 561 -191 289 580 -189 307 569 -191 
262 532 -191 261 538 -191 271 536 -191 
262 532 -191 271 536 -191 271 531 -192 
269 558 -190 277 569 -190 293 561 -191 
269 558 -190 293 561 -191 283 552 -191 
263 528 -191 271 527 -192 269 521 -192 
263 528 -191 269 521 -192 262 522 -191 
339 614 -188 373 631 -187 385 598 -190 
339 614 -188 385 598 -190 355 587 -191 
269 558 -190 283 552 -191 275 544 -191 
269 558 -190 275 544 -191 263 547 -190 
246 584 -185 240 564 -187 222 551 -185 
246 584 -185 222 551 -185 226 576 -183 
222 551 -185 240 564 -187 236 549 -188 
222 551 -185 236 549 -188 223 531 -186 
246 584 -185 226 576 -183 235 609 -181 
246 584 -185 235 609 -181 258 614 -184 
239 513 -189 240 510 -189 242 498 -188 
239 513 -189 242 498 -188 239 502 -188 
244 498 -188 242 498 -188 240 510 -189 
244 498 -188 240 510 -189 242 509 -189 
223 531 -186 236 549 -188 237 534 -188 
223 531 -186 237 534 -188 231 518 -187 
238 523 -188 238 516 -189 238 505 -188 
238 523 -188 238 505 -188 235 510 -188 
219 429 -191 213 425 -191 212 428 -191 
219 429 -191 212 428 -191 218 434 -191 
340 516 -196 358 512 -197 355 488 -198 
340 516 -196 355 488 -198 335 496 -197 
300 441 -198 315 459 -198 329 444 -199 
300 441 -198 329 444 -199 312 425 -199 
255 408 -197 256 414 -197 260 410 -197 
255 408 -197 260 410 -197 258 406 -197 
315 459 -198 327 476 -198 344 463 -199 
315 459 -198 344 463 -199 329 444 -199 
277 441 -197 268 431 -197 261 438 -196 
277 441 -197 261 438 -196 268 450 -197 
265 405 -196 264 406 -196 260 403 -196 
265 405 -196 260 403 -196 262 404 -196 
257 402 -196 260 403 -196 264 406 -196 
257 402 -196 264 406 -196 260 404 -196 
250 410 -196 255 408 -197 255 405 -197 
250 410 -196 255 405 -197 251 406 -196 
261 422 -197 265 415 -198 260 410 -197 
261 422 -197 260 410 -197 256 414 -197 
285 518 -193 296 519 -194 290 508 -194 
285 518 -193 290 508 -194 279 508 -193 
273 481 -195 285 478 -196 276 463 -197 
273 481 -195 276 463 -197 266 468 -196 
276 463 -197 285 478 -196 299 471 -197 
276 463 -197 299 471 -197 288 455 -198 
253 397 -197 247 391 -197 245 397 -196 
253 397 -197 245 397 -196 252 400 -197 
252 430 -196 257 426 -196 252 417 -196 
252 430 -196 252 417 -196 247 419 -196 
260 400 -198 261 405 -197 268 407 -198 
260 400 -198 268 407 -198 268 399 -198 
256 414 -197 252 417 -196 257 426 -196 
256 414 -197 257 426 -196 261 422 -197 
245 397 -196 246 399 -196 253 401 -196 
245 397 -196 253 401 -196 252 400 -197 
231 457 -191 237 453 -192 227 453 -191 
231 457 -191 227 453 -191 225 458 -190 
226 467 -189 225 458 -190 218 456 -189 
226 467 -189 218 456 -189 220 466 -188 
236 474 -189 231 466 -190 226 467 -189 
236 474 -189 226 467 -189 232 476 -188 
497 446 -197 464 455 -198 473 477 -197 
497 446 -197 473 477 -197 508 466 -196 
279 409 -199 294 413 -199 301 395 -200 
279 409 -199 301 395 -200 281 396 -199 
312 425 -199 329 444 -199 345 430 -200 
312 425 -199 345 430 -200 324 412 -200 
344 463 -199 355 488 -198 375 480 -198 
344 463 -199 375 480 -198 363 452 -200 
375 508 -197 375 480 -198 355 488 -198 
375 508 -197 355 488 -198 358 512 -197 
245 635 -177 235 625 -174 275 662 -172 
245 635 -177 275 662 -172 284 672 -174 
284 645 -182 322 677 -180 350 660 -184 
284 645 -182 350 660 -184 312 636 -185 
413 644 -187 373 631 -187 350 660 -184 
413 644 -187 350 660 -184 396 677 -183 
222 551 -185 212 536 -183 214 565 -181 
222 551 -185 214 565 -181 226 576 -183 
232 476 -188 238 484 -188 242 478 -189 
232 476 -188 242 478 -189 236 474 -189 
213 464 -187 220 466 -188 218 456 -189 
213 464 -187 218 456 -189 210 454 -189 
214 565 -181 208 553 -180 213 588 -177 
214 565 -181 213 588 -177 221 599 -179 
205 513 -181 207 523 -182 211 500 -184 
205 513 -181 211 500 -184 209 492 -183 
204 543 -179 208 553 -180 207 523 -182 
204 543 -179 207 523 -182 205 513 -181 
258 571 -188 252 558 -189 236 549 -188 
258 571 -188 236 549 -188 240 564 -187 
277 569 -190 269 558 -190 252 558 -189 
277 569 -190 252 558 -189 258 571 -188 
251 484 -191 249 477 -191 242 473 -190 
251 484 -191 242 473 -190 246 479 -190 
234 432 -193 235 426 -193 224 412 -193 
234 432 -193 224 412 -193 227 421 -192 
242 442 -193 244 439 -193 235 426 -193 
242 442 -193 235 426 -193 234 432 -193 
216 399 -192 221 402 -192 224 412 -193 
216 399 -192 224 412 -193 226 409 -194 
238 466 -191 245 469 -192 243 460 -192 
238 466 -191 243 460 -192 237 459 -192 
216 399 -192 217 390 -192 220 396 -192 
216 399 -192 220 396 -192 221 402 -192 
244 449 -193 244 439 -193 242 442 -193 
244 449 -193 242 442 -193 241 451 -192 
243 460 -192 244 449 -193 241 451 -192 
243 460 -192 241 451 -192 237 459 -192 
245 484 -188 244 486 -188 247 486 -188 
245 484 -188 247 486 -188 249 486 -188 
235 625 -174 245 635 -177 221 599 -179 
235 625 -174 221 599 -179 213 588 -177 
300 678 -177 284 672 -174 340 702 -172 
300 678 -177 340 702 -172 354 704 -175 
472 715 -171 470 717 -175 415 716 -174 
472 715 -171 415 716 -174 407 716 -171 
407 716 -171 340 702 -172 333 693 -169 
407 716 -171 333 693 -169 404 709 -168 
217 509 -185 212 536 -183 222 551 -185 
217 509 -185 222 551 -185 223 531 -186 
212 536 -183 217 509 -185 211 500 -184 
212 536 -183 211 500 -184 207 523 -182 
231 518 -187 235 510 -188 237 497 -188 
231 518 -187 237 497 -188 230 501 -187 
251 406 -196 244 407 -196 244 412 -196 
251 406 -196 244 412 -196 250 410 -196 
214 447 -191 215 438 -191 206 430 -191 
214 447 -191 206 430 -191 202 441 -190 
229 434 -191 227 421 -192 220 419 -191 
229 434 -191 220 419 -191 219 429 -191 
223 404 -194 227 397 -195 218 388 -194 
223 404 -194 218 388 -194 213 395 -193 
227 397 -195 236 392 -195 229 384 -194 
227 397 -195 229 384 -194 218 388 -194 
236 392 -195 242 393 -194 239 386 -194 
236 392 -195 239 386 -194 229 384 -194 
224 412 -193 221 402 -192 224 408 -191 
224 412 -193 224 408 -191 227 421 -192 
218 388 -194 217 380 -193 212 387 -192 
218 388 -194 212 387 -192 213 395 -193 
238 379 -193 227 376 -193 229 384 -194 
238 379 -193 229 384 -194 239 386 -194 
206 430 -191 196 425 -190 194 435 -190 
206 430 -191 194 435 -190 202 441 -190 
206 448 -190 198 443 -189 203 451 -188 
206 448 -190 203 451 -188 210 454 -189 
213 464 -187 210 454 -189 203 451 -188 
213 464 -187 203 451 -188 207 460 -187 
213 464 -187 207 460 -187 214 471 -186 
213 464 -187 214 471 -186 219 474 -187 
192 417 -190 190 427 -189 194 435 -190 
192 417 -190 194 435 -190 196 425 -190 
190 427 -189 193 435 -188 198 443 -189 
190 427 -189 198 443 -189 194 435 -190 
339 614 -188 312 636 -185 350 660 -184 
339 614 -188 350 660 -184 373 631 -187 
283 536 -192 292 543 -192 297 531 -193 
283 536 -192 297 531 -193 287 527 -193 
292 543 -192 283 536 -192 275 544 -191 
292 543 -192 275 544 -191 283 552 -191 
329 577 -191 355 587 -191 361 559 -193 
329 577 -191 361 559 -193 339 556 -193 
297 531 -193 292 543 -192 304 549 -192 
297 531 -193 304 549 -192 309 534 -194 
275 528 -192 278 531 -192 279 525 -192 
275 528 -192 279 525 -192 274 523 -192 
360 534 -195 341 535 -195 339 556 -193 
360 534 -195 339 556 -193 361 559 -193 
339 556 -193 341 535 -195 323 535 -194 
339 556 -193 323 535 -194 318 553 -193 
323 314 -199 334 341 -200 346 332 -200 
323 314 -199 346 332 -200 330 304 -200 
275 383 -199 267 372 -199 259 378 -198 
275 383 -199 259 378 -198 264 389 -198 
246 374 -197 252 368 -198 245 360 -197 
246 374 -197 245 360 -197 242 366 -196 
258 403 -196 256 402 -196 259 402 -196 
258 403 -196 259 402 -196 261 403 -196 
260 403 -196 257 404 -196 258 403 -196 
260 403 -196 258 403 -196 262 404 -196 
246 399 -196 236 394 -195 241 392 -195 
246 399 -196 241 392 -195 250 396 -195 
259 455 -196 266 468 -196 276 463 -197 
259 455 -196 276 463 -197 268 450 -197 
258 470 -194 264 482 -194 273 481 -195 
258 470 -194 273 481 -195 266 468 -196 
247 448 -194 244 449 -193 243 460 -192 
247 448 -194 243 460 -192 248 460 -193 
261 438 -196 257 426 -196 252 430 -196 
261 438 -196 252 430 -196 255 442 -196 
282 495 -195 271 495 -194 279 508 -193 
282 495 -195 279 508 -193 290 508 -194 
276 517 -192 285 518 -193 279 508 -193 
276 517 -192 279 508 -193 269 507 -192 
380 437 -200 392 429 -200 373 402 -200 
380 437 -200 373 402 -200 359 415 -201 
293 561 -191 304 549 -192 292 543 -192 
293 561 -191 292 543 -192 283 552 -191 
308 520 -195 303 506 -195 290 508 -194 
308 520 -195 290 508 -194 296 519 -194 
283 536 -192 287 527 -193 279 525 -192 
283 536 -192 279 525 -192 278 531 -192 
637 542 -179 624 568 -182 617 617 -177 
637 542 -179 617 617 -177 630 594 -174 
245 635 -177 261 643 -179 235 609 -181 
245 635 -177 235 609 -181 221 599 -179 
300 678 -177 322 677 -180 284 645 -182 
300 678 -177 284 645 -182 261 643 -179 
246 399 -196 250 396 -195 256 400 -196 
246 399 -196 256 400 -196 253 401 -196 
257 402 -196 260 404 -196 255 401 -195 
257 402 -196 255 401 -195 252 399 -196 
265 342 -199 251 350 -198 258 362 -198 
265 342 -199 258 362 -198 271 353 -199 
336 395 -200 324 412 -200 345 430 -200 
336 395 -200 345 430 -200 359 415 -201 
286 428 -198 277 441 -197 288 455 -198 
286 428 -198 288 455 -198 300 441 -198 
309 486 -197 299 471 -197 285 478 -196 
309 486 -197 285 478 -196 294 492 -196 
404 709 -168 403 699 -165 477 699 -165 
404 709 -168 477 699 -165 475 709 -168 
536 695 -170 527 703 -173 472 715 -171 
536 695 -170 472 715 -171 475 709 -168 
247 489 -189 248 491 -189 247 495 -190 
247 489 -189 247 495 -190 245 494 -190 
249 488 -190 251 484 -191 246 479 -190 
249 488 -190 246 479 -190 247 483 -189 
329 444 -199 344 463 -199 363 452 -200 
329 444 -199 363 452 -200 345 430 -200 
258 614 -184 284 611 -186 266 587 -187 
258 614 -184 266 587 -187 246 584 -185 
238 523 -188 247 533 -190 247 526 -190 
238 523 -188 247 526 -190 238 516 -189 
242 486 -188 244 481 -189 242 478 -189 
242 486 -188 242 478 -189 238 484 -188 
239 502 -188 242 498 -188 245 490 -188 
239 502 -188 245 490 -188 242 493 -188 
247 489 -189 245 494 -190 246 491 -190 
247 489 -189 246 491 -190 245 486 -189 
248 491 -189 247 489 -189 249 486 -188 
248 491 -189 249 486 -188 250 487 -188 
242 442 -193 238 448 -192 237 453 -192 
242 442 -193 237 453 -192 241 451 -192 
247 391 -197 251 384 -198 246 374 -197 
247 391 -197 246 374 -197 240 383 -197 
267 372 -199 275 383 -199 288 375 -200 
267 372 -199 288 375 -200 278 364 -199 
294 413 -199 279 409 -199 275 421 -198 
294 413 -199 275 421 -198 286 428 -198 
250 446 -195 255 442 -196 252 430 -196 
250 446 -195 252 430 -196 248 433 -195 
255 442 -196 259 455 -196 268 450 -197 
255 442 -196 268 450 -197 261 438 -196 
259 404 -197 257 401 -197 256 402 -197 
259 404 -197 256 402 -197 258 403 -197 
265 403 -196 261 403 -196 259 402 -196 
265 403 -196 259 402 -196 264 402 -196 
261 403 -196 265 403 -196 265 405 -196 
261 403 -196 265 405 -196 262 404 -196 
244 407 -196 251 406 -196 253 403 -196 
244 407 -196 253 403 -196 248 402 -196 
346 372 -200 336 395 -200 359 415 -201 
346 372 -200 359 415 -201 373 402 -200 
363 452 -200 375 480 -198 391 463 -199 
363 452 -200 391 463 -199 380 437 -200 
209 421 -191 206 416 -191 196 425 -190 
209 421 -191 196 425 -190 206 430 -191 
198 443 -189 193 435 -188 199 445 -187 
198 443 -189 199 445 -187 203 451 -188 
524 427 -195 541 407 -194 530 390 -195 
524 427 -195 530 390 -195 517 410 -197 
247 518 -190 242 509 -189 240 510 -189 
247 518 -190 240 510 -189 247 519 -190 
240 510 -189 239 513 -189 247 524 -190 
240 510 -189 247 524 -190 247 519 -190 
245 490 -188 242 498 -188 244 498 -188 
245 490 -188 244 498 -188 249 489 -188 
281 396 -199 268 399 -198 268 407 -198 
281 396 -199 268 407 -198 279 409 -199 
251 384 -198 247 391 -197 253 397 -197 
251 384 -198 253 397 -197 256 394 -198 
231 457 -191 237 459 -192 241 451 -192 
231 457 -191 241 451 -192 237 453 -192 
307 569 -191 329 577 -191 339 556 -193 
307 569 -191 339 556 -193 318 553 -193 
207 460 -187 203 451 -188 199 445 -187 
207 460 -187 199 445 -187 204 456 -186 
214 471 -186 207 460 -187 204 456 -186 
214 471 -186 204 456 -186 212 466 -185 
257 402 -196 252 399 -196 248 402 -196 
257 402 -196 248 402 -196 253 403 -196 
236 391 -196 245 397 -196 247 391 -197 
236 391 -196 247 391 -197 240 383 -197 
226 381 -195 236 391 -196 240 383 -197 
226 381 -195 240 383 -197 234 374 -196 
218 456 -189 216 452 -190 206 448 -190 
218 456 -189 206 448 -190 210 454 -189 
242 366 -196 234 374 -196 240 383 -197 
242 366 -196 240 383 -197 246 374 -197 
225 436 -192 223 441 -192 231 439 -193 
225 436 -192 231 439 -193 227 435 -192 
227 451 -192 227 453 -191 237 453 -192 
227 451 -192 237 453 -192 238 448 -192 
216 452 -190 227 453 -191 227 451 -192 
216 452 -190 227 451 -192 214 447 -191 
206 448 -190 216 452 -190 214 447 -191 
206 448 -190 214 447 -191 202 441 -190 
236 549 -188 252 558 -189 249 544 -189 
236 549 -188 249 544 -189 237 534 -188 
258 406 -197 259 404 -197 258 403 -197 
258 406 -197 258 403 -197 257 405 -197 
236 391 -196 236 394 -195 246 399 -196 
236 391 -196 246 399 -196 245 397 -196 
234 385 -194 226 385 -195 221 373 -194 
234 385 -194 221 373 -194 231 377 -193 
226 385 -195 236 394 -195 236 391 -196 
226 385 -195 236 391 -196 226 381 -195 
255 396 -195 261 399 -196 256 400 -196 
255 396 -195 256 400 -196 250 396 -195 
255 396 -195 250 396 -195 241 392 -195 
255 396 -195 241 392 -195 247 391 -195 
247 391 -195 241 392 -195 234 385 -194 
247 391 -195 234 385 -194 241 385 -194 
218 411 -191 220 419 -191 227 421 -192 
218 411 -191 227 421 -192 224 408 -191 
206 416 -191 218 411 -191 218 407 -191 
206 416 -191 218 407 -191 204 410 -190 
213 425 -191 219 429 -191 220 419 -191 
213 425 -191 220 419 -191 209 421 -191 
206 448 -190 202 441 -190 194 435 -190 
206 448 -190 194 435 -190 198 443 -189 
258 403 -196 258 403 -197 256 402 -197 
258 403 -196 256 402 -197 256 402 -196 
246 491 -190 245 494 -190 248 502 -191 
246 491 -190 248 502 -191 249 500 -191 
271 521 -192 269 521 -192 271 527 -192 
271 521 -192 271 527 -192 273 524 -192 
269 519 -192 269 519 -191 271 520 -191 
269 519 -192 271 520 -191 271 521 -192 
283 340 -199 280 326 -198 263 330 -197 
283 340 -199 263 330 -197 265 342 -199 
271 353 -199 278 364 -199 287 359 -200 
271 353 -199 287 359 -200 285 350 -199 
538 687 -180 556 654 -184 504 659 -186 
538 687 -180 504 659 -186 491 691 -182 
538 687 -180 491 691 -182 476 710 -178 
538 687 -180 476 710 -178 509 707 -177 
504 659 -186 456 654 -187 443 688 -182 
504 659 -186 443 688 -182 491 691 -182 
470 717 -175 476 710 -178 428 708 -178 
470 717 -175 428 708 -178 415 716 -174 
300 340 -199 301 354 -199 320 362 -200 
300 340 -199 320 362 -200 320 343 -199 
298 365 -200 301 354 -199 285 350 -199 
298 365 -200 285 350 -199 287 359 -200 
237 497 -188 235 510 -188 238 505 -188 
237 497 -188 238 505 -188 240 495 -188 
536 695 -170 587 662 -173 571 677 -177 
536 695 -170 571 677 -177 527 703 -173 
571 677 -177 595 638 -181 556 654 -184 
571 677 -177 556 654 -184 538 687 -180 
561 469 -193 580 447 -191 558 425 -192 
561 469 -193 558 425 -192 539 445 -194 
539 445 -194 558 425 -192 541 407 -194 
539 445 -194 541 407 -194 524 427 -195 
473 477 -197 484 505 -196 525 492 -195 
473 477 -197 525 492 -195 508 466 -196 
525 492 -195 484 505 -196 495 537 -194 
525 492 -195 495 537 -194 542 525 -193 
629 494 -183 611 454 -186 601 478 -189 
629 494 -183 601 478 -189 616 520 -186 
359 415 -201 345 430 -200 363 452 -200 
359 415 -201 363 452 -200 380 437 -200 
246 479 -190 242 478 -189 244 481 -189 
246 479 -190 244 481 -189 247 483 -189 
242 473 -190 238 466 -191 231 466 -190 
242 473 -190 231 466 -190 236 474 -189 
503 576 -192 507 617 -189 560 611 -188 
503 576 -192 560 611 -188 554 567 -191 
504 659 -186 507 617 -189 459 614 -190 
504 659 -186 459 614 -190 456 654 -187 
419 607 -190 413 644 -187 456 654 -187 
419 607 -190 456 654 -187 459 614 -190 
385 598 -190 386 560 -193 361 559 -193 
385 598 -190 361 559 -193 355 587 -191 
278 531 -192 275 528 -192 271 531 -192 
278 531 -192 271 531 -192 271 536 -191 
263 547 -190 249 544 -189 252 558 -189 
263 547 -190 252 558 -189 269 558 -190 
354 704 -175 415 716 -174 428 708 -178 
354 704 -175 428 708 -178 374 698 -179 
322 677 -180 374 698 -179 396 677 -183 
322 677 -180 396 677 -183 350 660 -184 
354 704 -175 374 698 -179 322 677 -180 
354 704 -175 322 677 -180 300 678 -177 
277 569 -190 258 571 -188 266 587 -187 
277 569 -190 266 587 -187 289 580 -189 
278 531 -192 271 536 -191 275 544 -191 
278 531 -192 275 544 -191 283 536 -192 
300 340 -199 298 322 -198 280 326 -198 
300 340 -199 280 326 -198 283 340 -199 
258 362 -198 252 368 -198 259 378 -198 
258 362 -198 259 378 -198 267 372 -199 
458 436 -200 429 434 -200 437 457 -199 
458 436 -200 437 457 -199 464 455 -198 
251 484 -191 249 488 -190 253 498 -191 
251 484 -191 253 498 -191 259 493 -192 
261 538 -191 262 532 -191 247 526 -190 
261 538 -191 247 526 -190 247 533 -190 
255 405 -197 257 404 -196 253 403 -196 
255 405 -197 253 403 -196 251 406 -196 
257 405 -197 258 403 -196 257 404 -196 
257 405 -197 257 404 -196 255 405 -197 
235 408 -195 238 401 -195 227 397 -195 
235 408 -195 227 397 -195 223 404 -194 
217 390 -192 216 399 -192 213 395 -193 
217 390 -192 213 395 -193 212 387 -192 
227 397 -195 238 401 -195 243 397 -195 
227 397 -195 243 397 -195 236 392 -195 
243 397 -195 247 398 -195 242 393 -194 
243 397 -195 242 393 -194 236 392 -195 
217 380 -193 218 388 -194 229 384 -194 
217 380 -193 229 384 -194 227 376 -193 
330 683 -166 333 693 -169 275 662 -172 
330 683 -166 275 662 -172 270 651 -169 
243 460 -192 245 469 -192 252 471 -193 
243 460 -192 252 471 -193 248 460 -193 
256 509 -191 255 509 -191 248 502 -191 
256 509 -191 248 502 -191 249 502 -190 
263 528 -191 262 522 -191 247 519 -190 
263 528 -191 247 519 -190 247 524 -190 
245 484 -188 249 486 -188 247 489 -189 
245 484 -188 247 489 -189 245 486 -189 
247 486 -188 250 486 -188 250 487 -188 
247 486 -188 250 487 -188 249 486 -188 
258 362 -198 267 372 -199 278 364 -199 
258 362 -198 278 364 -199 271 353 -199 
258 362 -198 251 350 -198 245 360 -197 
258 362 -198 245 360 -197 252 368 -198 
270 521 -191 271 520 -191 274 523 -191 
270 521 -191 274 523 -191 273 527 -191 
248 491 -189 250 487 -188 252 486 -188 
248 491 -189 252 486 -188 249 489 -189 
249 489 -189 249 493 -190 247 495 -190 
249 489 -189 247 495 -190 248 491 -189 
256 509 -191 257 507 -191 266 515 -191 
256 509 -191 266 515 -191 264 515 -191 
247 518 -190 248 523 -189 244 513 -189 
247 518 -190 244 513 -189 242 509 -189 
269 519 -192 271 521 -192 273 524 -192 
269 519 -192 273 524 -192 271 521 -192 
274 523 -192 271 521 -192 273 524 -192 
274 523 -192 273 524 -192 275 528 -192 
271 531 -192 271 527 -192 263 528 -191 
271 531 -192 263 528 -191 262 532 -191 
247 524 -190 239 513 -189 238 516 -189 
247 524 -190 238 516 -189 247 526 -190 
244 486 -188 245 484 -188 244 481 -189 
244 486 -188 244 481 -189 242 486 -188 
264 389 -198 268 399 -198 281 396 -199 
264 389 -198 281 396 -199 275 383 -199 
285 350 -199 283 340 -199 265 342 -199 
285 350 -199 265 342 -199 271 353 -199 
301 395 -200 294 413 -199 312 425 -199 
301 395 -200 312 425 -199 324 412 -200 
264 402 -196 259 402 -196 256 400 -196 
264 402 -196 256 400 -196 261 399 -196 
259 404 -197 261 405 -197 260 400 -198 
259 404 -197 260 400 -198 257 401 -197 
213 395 -193 216 399 -192 226 409 -194 
213 395 -193 226 409 -194 223 404 -194 
223 404 -194 226 409 -194 236 412 -195 
223 404 -194 236 412 -195 235 408 -195 
249 477 -191 245 469 -192 238 466 -191 
249 477 -191 238 466 -191 242 473 -190 
248 460 -193 252 471 -193 258 470 -194 
248 460 -193 258 470 -194 253 458 -195 
226 467 -189 231 466 -190 231 457 -191 
226 467 -189 231 457 -191 225 458 -190 
219 474 -187 226 475 -187 220 466 -188 
219 474 -187 220 466 -188 213 464 -187 
231 457 -191 231 466 -190 238 466 -191 
231 457 -191 238 466 -191 237 459 -192 
217 509 -185 223 531 -186 231 518 -187 
217 509 -185 231 518 -187 230 501 -187 
238 523 -188 235 510 -188 231 518 -187 
238 523 -188 231 518 -187 237 534 -188 
258 571 -188 240 564 -187 246 584 -185 
258 571 -188 246 584 -185 266 587 -187 
240 495 -188 242 493 -188 244 486 -188 
240 495 -188 244 486 -188 242 486 -188 
247 486 -188 244 486 -188 242 493 -188 
247 486 -188 242 493 -188 245 490 -188 
245 490 -188 249 489 -188 250 486 -188 
245 490 -188 250 486 -188 247 486 -188 
307 569 -191 289 580 -189 310 596 -189 
307 569 -191 310 596 -189 329 577 -191 
484 412 -201 447 403 -202 452 419 -201 
484 412 -201 452 419 -201 487 419 -200 
352 318 -201 339 294 -201 330 304 -200 
352 318 -201 330 304 -200 346 332 -200 
407 429 -200 417 456 -199 437 457 -199 
407 429 -200 437 457 -199 429 434 -200 
253 397 -197 252 400 -197 256 402 -197 
253 397 -197 256 402 -197 257 401 -197 
407 429 -200 390 394 -201 373 402 -200 
407 429 -200 373 402 -200 392 429 -200 
407 429 -200 392 429 -200 403 456 -199 
407 429 -200 403 456 -199 417 456 -199 
561 469 -193 580 502 -191 601 478 -189 
561 469 -193 601 478 -189 580 447 -191 
547 390 -192 541 407 -194 558 425 -192 
547 390 -192 558 425 -192 567 406 -191 
567 406 -191 558 425 -192 580 447 -191 
567 406 -191 580 447 -191 590 426 -189 
617 617 -177 587 662 -173 597 644 -170 
617 617 -177 597 644 -170 630 594 -174 
541 682 -166 597 644 -170 587 662 -173 
541 682 -166 587 662 -173 536 695 -170 
541 407 -194 547 390 -192 535 373 -194 
541 407 -194 535 373 -194 530 390 -195 
600 594 -185 595 638 -181 617 617 -177 
600 594 -185 617 617 -177 624 568 -182 
541 682 -166 536 695 -170 475 709 -168 
541 682 -166 475 709 -168 477 699 -165 
390 394 -201 407 429 -200 429 434 -200 
390 394 -201 429 434 -200 421 411 -201 
429 434 -200 458 436 -200 452 419 -201 
429 434 -200 452 419 -201 421 411 -201 
487 419 -200 452 419 -201 458 436 -200 
487 419 -200 458 436 -200 491 429 -199 
491 429 -199 517 410 -197 512 397 -198 
491 429 -199 512 397 -198 487 419 -200 
530 390 -195 535 373 -194 527 358 -195 
530 390 -195 527 358 -195 523 376 -196 
507 617 -189 504 659 -186 556 654 -184 
507 617 -189 556 654 -184 560 611 -188 
637 542 -179 629 494 -183 616 520 -186 
637 542 -179 616 520 -186 624 568 -182 
560 611 -188 600 594 -185 594 546 -189 
560 611 -188 594 546 -189 554 567 -191 
417 574 -193 419 607 -190 459 614 -190 
417 574 -193 459 614 -190 456 571 -193 
226 576 -183 214 565 -181 221 599 -179 
226 576 -183 221 599 -179 235 609 -181 
208 577 -176 213 588 -177 208 553 -180 
208 577 -176 208 553 -180 204 543 -179 
208 553 -180 214 565 -181 212 536 -183 
208 553 -180 212 536 -183 207 523 -182 
270 651 -169 275 662 -172 235 625 -174 
270 651 -169 235 625 -174 229 614 -172 
213 588 -177 208 577 -176 229 614 -172 
213 588 -177 229 614 -172 235 625 -174 
290 508 -194 303 506 -195 294 492 -196 
290 508 -194 294 492 -196 282 495 -195 
303 506 -195 317 502 -196 309 486 -197 
303 506 -195 309 486 -197 294 492 -196 
335 496 -197 327 476 -198 309 486 -197 
335 496 -197 309 486 -197 317 502 -196 
288 375 -200 275 383 -199 281 396 -199 
288 375 -200 281 396 -199 301 395 -200 
253 397 -197 257 401 -197 260 400 -198 
253 397 -197 260 400 -198 256 394 -198 
252 400 -197 253 401 -196 256 402 -196 
252 400 -197 256 402 -196 256 402 -197 
253 401 -196 256 400 -196 259 402 -196 
253 401 -196 259 402 -196 256 402 -196 
269 517 -192 274 523 -192 279 525 -192 
269 517 -192 279 525 -192 276 517 -192 
271 521 -192 265 516 -192 264 516 -191 
271 521 -192 264 516 -191 269 519 -192 
269 519 -192 264 516 -191 264 515 -191 
269 519 -192 264 515 -191 269 519 -191 
265 516 -192 271 521 -192 274 523 -192 
265 516 -192 274 523 -192 269 517 -192 
284 645 -182 312 636 -185 284 611 -186 
284 645 -182 284 611 -186 258 614 -184 
261 643 -179 284 645 -182 258 614 -184 
261 643 -179 258 614 -184 235 609 -181 
289 580 -189 266 587 -187 284 611 -186 
289 580 -189 284 611 -186 310 596 -189 
261 538 -191 263 547 -190 275 544 -191 
261 538 -191 275 544 -191 271 536 -191 
261 538 -191 247 533 -190 249 544 -189 
261 538 -191 249 544 -189 263 547 -190 
247 533 -190 238 523 -188 237 534 -188 
247 533 -190 237 534 -188 249 544 -189 
261 422 -197 257 426 -196 261 438 -196 
261 422 -197 261 438 -196 268 431 -197 
259 378 -198 252 368 -198 246 374 -197 
259 378 -198 246 374 -197 251 384 -198 
259 378 -198 251 384 -198 256 394 -198 
259 378 -198 256 394 -198 264 389 -198 
275 421 -198 279 409 -199 268 407 -198 
275 421 -198 268 407 -198 265 415 -198 
237 422 -194 235 426 -193 244 439 -193 
237 422 -194 244 439 -193 245 436 -194 
229 434 -191 227 433 -192 234 432 -193 
229 434 -191 234 432 -193 227 421 -192 
231 439 -193 223 441 -192 227 451 -192 
231 439 -193 227 451 -192 238 448 -192 
231 439 -193 234 432 -193 227 433 -192 
231 439 -193 227 433 -192 227 435 -192 
222 487 -186 217 509 -185 230 501 -187 
222 487 -186 230 501 -187 230 486 -187 
282 495 -195 294 492 -196 285 478 -196 
282 495 -195 285 478 -196 273 481 -195 
301 354 -199 300 340 -199 283 340 -199 
301 354 -199 283 340 -199 285 350 -199 
241 385 -194 234 385 -194 231 377 -193 
241 385 -194 231 377 -193 238 377 -193 
234 385 -194 241 392 -195 236 394 -195 
234 385 -194 236 394 -195 226 385 -195 
234 374 -196 242 366 -196 238 355 -195 
234 374 -196 238 355 -195 229 361 -195 
220 367 -194 226 381 -195 234 374 -196 
220 367 -194 234 374 -196 229 361 -195 
245 360 -197 240 348 -196 238 355 -195 
245 360 -197 238 355 -195 242 366 -196 
245 360 -197 251 350 -198 247 337 -197 
245 360 -197 247 337 -197 240 348 -196 
269 507 -192 279 508 -193 271 495 -194 
269 507 -192 271 495 -194 259 493 -192 
259 493 -192 253 498 -191 261 508 -192 
259 493 -192 261 508 -192 269 507 -192 
248 502 -191 255 509 -191 257 509 -191 
248 502 -191 257 509 -191 249 500 -191 
248 502 -191 245 494 -190 247 495 -190 
248 502 -191 247 495 -190 249 502 -190 
259 493 -192 256 481 -193 249 477 -191 
259 493 -192 249 477 -191 251 484 -191 
249 477 -191 256 481 -193 252 471 -193 
249 477 -191 252 471 -193 245 469 -192 
204 410 -190 192 417 -190 196 425 -190 
204 410 -190 196 425 -190 206 416 -191 
209 421 -191 220 419 -191 218 411 -191 
209 421 -191 218 411 -191 206 416 -191 
236 474 -189 242 478 -189 246 479 -190 
236 474 -189 246 479 -190 242 473 -190 
247 524 -190 247 526 -190 262 532 -191 
247 524 -190 262 532 -191 263 528 -191 
249 500 -191 253 498 -191 249 488 -190 
249 500 -191 249 488 -190 246 491 -190 
271 531 -192 275 528 -192 273 524 -192 
271 531 -192 273 524 -192 271 527 -192 
245 486 -189 247 483 -189 244 481 -189 
245 486 -189 244 481 -189 245 484 -188 
238 505 -188 239 502 -188 242 493 -188 
238 505 -188 242 493 -188 240 495 -188 
238 505 -188 238 516 -189 239 513 -189 
238 505 -188 239 513 -189 239 502 -188 
247 483 -189 245 486 -189 246 491 -190 
247 483 -189 246 491 -190 249 488 -190 
265 516 -192 257 509 -191 255 509 -191 
265 516 -192 255 509 -191 264 516 -191 
257 509 -191 261 508 -192 253 498 -191 
257 509 -191 253 498 -191 249 500 -191 
264 516 -191 255 509 -191 256 509 -191 
264 516 -191 256 509 -191 264 515 -191 
242 486 -188 238 484 -188 237 497 -188 
242 486 -188 237 497 -188 240 495 -188 
232 476 -188 226 467 -189 220 466 -188 
232 476 -188 220 466 -188 226 475 -187 
225 436 -192 218 434 -191 215 438 -191 
225 436 -192 215 438 -191 223 441 -192 
223 441 -192 215 438 -191 214 447 -191 
223 441 -192 214 447 -191 227 451 -192 
318 553 -193 304 549 -192 293 561 -191 
318 553 -193 293 561 -191 307 569 -191 
309 534 -194 304 549 -192 318 553 -193 
309 534 -194 318 553 -193 323 535 -194 
322 519 -195 317 502 -196 303 506 -195 
322 519 -195 303 506 -195 308 520 -195 
300 441 -198 288 455 -198 299 471 -197 
300 441 -198 299 471 -197 315 459 -198 
299 471 -197 309 486 -197 327 476 -198 
299 471 -197 327 476 -198 315 459 -198 
312 425 -199 294 413 -199 286 428 -198 
312 425 -199 286 428 -198 300 441 -198 
277 441 -197 286 428 -198 275 421 -198 
277 441 -197 275 421 -198 268 431 -197 
355 488 -198 344 463 -199 327 476 -198 
355 488 -198 327 476 -198 335 496 -197 
265 415 -198 261 422 -197 268 431 -197 
265 415 -198 268 431 -197 275 421 -198 
268 407 -198 261 405 -197 260 410 -197 
268 407 -198 260 410 -197 265 415 -198 
257 405 -197 255 405 -197 255 408 -197 
257 405 -197 255 408 -197 258 406 -197 
323 535 -194 341 535 -195 340 516 -196 
323 535 -194 340 516 -196 322 519 -195 
386 560 -193 385 598 -190 419 607 -190 
386 560 -193 419 607 -190 417 574 -193 
276 517 -192 269 507 -192 261 508 -192 
276 517 -192 261 508 -192 269 517 -192 
269 517 -192 261 508 -192 257 509 -191 
269 517 -192 257 509 -191 265 516 -192 
335 496 -197 317 502 -196 322 519 -195 
335 496 -197 322 519 -195 340 516 -196 
224 408 -191 221 402 -192 220 396 -192 
224 408 -191 220 396 -192 223 402 -191 
248 460 -193 253 458 -195 250 446 -195 
248 460 -193 250 446 -195 247 448 -194 
245 436 -194 244 439 -193 244 449 -193 
245 436 -194 244 449 -193 247 448 -194 
237 422 -194 245 436 -194 248 433 -195 
237 422 -194 248 433 -195 242 420 -195 
242 420 -195 236 412 -195 226 409 -194 
242 420 -195 226 409 -194 237 422 -194 
235 426 -193 237 422 -194 226 409 -194 
235 426 -193 226 409 -194 224 412 -193 
235 408 -195 244 407 -196 248 402 -196 
235 408 -195 248 402 -196 238 401 -195 
238 401 -195 248 402 -196 252 399 -196 
238 401 -195 252 399 -196 243 397 -195 
252 399 -196 255 401 -195 247 398 -195 
252 399 -196 247 398 -195 243 397 -195 
235 408 -195 236 412 -195 244 412 -196 
235 408 -195 244 412 -196 244 407 -196 
206 430 -191 215 438 -191 218 434 -191 
206 430 -191 218 434 -191 212 428 -191 
216 452 -190 218 456 -189 225 458 -190 
216 452 -190 225 458 -190 227 453 -191 
230 486 -187 238 484 -188 232 476 -188 
230 486 -187 232 476 -188 226 475 -187 
222 487 -186 230 486 -187 226 475 -187 
222 487 -186 226 475 -187 219 474 -187 
216 483 -185 222 487 -186 219 474 -187 
216 483 -185 219 474 -187 214 471 -186 
214 478 -184 216 483 -185 214 471 -186 
214 478 -184 214 471 -186 212 466 -185 
475 709 -168 472 715 -171 407 716 -171 
475 709 -168 407 716 -171 404 709 -168 
284 672 -174 275 662 -172 333 693 -169 
284 672 -174 333 693 -169 340 702 -172 
245 635 -177 284 672 -174 300 678 -177 
245 635 -177 300 678 -177 261 643 -179 
507 617 -189 503 576 -192 456 571 -193 
507 617 -189 456 571 -193 459 614 -190 
260 400 -198 268 399 -198 264 389 -198 
260 400 -198 264 389 -198 256 394 -198 
226 381 -195 220 367 -194 221 373 -194 
226 381 -195 221 373 -194 226 385 -195 
271 519 -191 274 523 -191 271 520 -191 
271 519 -191 271 520 -191 269 519 -191 
369 344 -202 352 318 -201 346 332 -200 
369 344 -202 346 332 -200 364 361 -201 
421 411 -201 452 419 -201 447 403 -202 
421 411 -201 447 403 -202 417 390 -202 
512 397 -198 523 376 -196 518 364 -197 
512 397 -198 518 364 -197 509 387 -199 
390 394 -201 421 411 -201 417 390 -202 
390 394 -201 417 390 -202 388 371 -202 
390 394 -201 364 361 -201 346 372 -200 
390 394 -201 346 372 -200 373 402 -200 
523 376 -196 527 358 -195 521 345 -196 
523 376 -196 521 345 -196 518 364 -197 
470 717 -175 472 715 -171 527 703 -173 
470 717 -175 527 703 -173 509 707 -177 
497 446 -197 524 427 -195 517 410 -197 
497 446 -197 517 410 -197 491 429 -199 
587 662 -173 617 617 -177 595 638 -181 
587 662 -173 595 638 -181 571 677 -177 
539 445 -194 508 466 -196 525 492 -195 
539 445 -194 525 492 -195 561 469 -193 
524 427 -195 497 446 -197 508 466 -196 
524 427 -195 508 466 -196 539 445 -194 
554 567 -191 594 546 -189 580 502 -191 
554 567 -191 580 502 -191 542 525 -193 
560 611 -188 556 654 -184 595 638 -181 
560 611 -188 595 638 -181 600 594 -185 
517 410 -197 530 390 -195 523 376 -196 
517 410 -197 523 376 -196 512 397 -198 
600 594 -185 624 568 -182 616 520 -186 
600 594 -185 616 520 -186 594 546 -189 
509 387 -199 484 412 -201 487 419 -200 
509 387 -199 487 419 -200 512 397 -198 
264 482 -194 271 495 -194 282 495 -195 
264 482 -194 282 495 -195 273 481 -195 
308 520 -195 296 519 -194 297 531 -193 
308 520 -195 297 531 -193 309 534 -194 
310 596 -189 284 611 -186 312 636 -185 
310 596 -189 312 636 -185 339 614 -188 
310 596 -189 339 614 -188 355 587 -191 
310 596 -189 355 587 -191 329 577 -191 
491 691 -182 443 688 -182 428 708 -178 
491 691 -182 428 708 -178 476 710 -178 
538 687 -180 509 707 -177 527 703 -173 
538 687 -180 527 703 -173 571 677 -177 
252 471 -193 256 481 -193 264 482 -194 
252 471 -193 264 482 -194 258 470 -194 
247 448 -194 250 446 -195 248 433 -195 
247 448 -194 248 433 -195 245 436 -194 
258 470 -194 266 468 -196 259 455 -196 
258 470 -194 259 455 -196 253 458 -195 
250 446 -195 253 458 -195 259 455 -196 
250 446 -195 259 455 -196 255 442 -196 
248 433 -195 252 430 -196 247 419 -196 
248 433 -195 247 419 -196 242 420 -195 
236 412 -195 242 420 -195 247 419 -196 
236 412 -195 247 419 -196 244 412 -196 
224 408 -191 223 402 -191 218 407 -191 
224 408 -191 218 407 -191 218 411 -191 
231 439 -193 238 448 -192 242 442 -193 
231 439 -193 242 442 -193 234 432 -193 
415 521 -196 410 509 -197 401 523 -197 
415 521 -196 401 523 -197 407 528 -196 
398 543 -195 404 543 -196 407 528 -196 
398 543 -195 407 528 -196 401 523 -197 
412 563 -194 414 562 -195 404 543 -196 
412 563 -194 404 543 -196 398 543 -195 
436 569 -194 434 569 -195 414 562 -195 
436 569 -194 414 562 -195 412 563 -194 
452 562 -195 447 563 -196 434 569 -195 
452 562 -195 434 569 -195 436 569 -194 
460 545 -196 453 549 -197 447 563 -196 
460 545 -196 447 563 -196 452 562 -195 
456 517 -197 451 523 -198 453 549 -197 
456 517 -197 453 549 -197 460 545 -196 
424 486 -199 421 492 -199 436 501 -199 
424 486 -199 436 501 -199 441 496 -198 
408 477 -199 406 484 -199 421 492 -199 
408 477 -199 421 492 -199 424 486 -199 
417 556 -195 411 541 -195 404 543 -196 
417 556 -195 404 543 -196 414 562 -195 
433 561 -195 417 556 -195 414 562 -195 
433 561 -195 414 562 -195 434 569 -195 
444 558 -195 433 561 -195 434 569 -195 
444 558 -195 434 569 -195 447 563 -196 
448 546 -196 444 558 -195 447 563 -196 
448 546 -196 447 563 -196 453 549 -197 
453 549 -197 451 523 -198 449 522 -197 
453 549 -197 449 522 -197 448 546 -196 
436 501 -199 421 492 -199 417 495 -199 
436 501 -199 417 495 -199 431 501 -198 
403 492 -199 417 495 -199 421 492 -199 
403 492 -199 421 492 -199 406 484 -199 
393 492 -198 403 492 -199 406 484 -199 
393 492 -198 406 484 -199 394 481 -199 
416 503 -197 407 495 -198 405 500 -197 
416 503 -197 405 500 -197 410 509 -197 
388 525 -196 394 545 -195 398 543 -195 
388 525 -196 398 543 -195 401 523 -197 
398 543 -195 394 545 -195 412 558 -194 
398 543 -195 412 558 -194 412 563 -194 
440 558 -194 436 569 -194 412 563 -194 
440 558 -194 412 563 -194 412 558 -194 
455 536 -195 460 545 -196 452 562 -195 
455 536 -195 452 562 -195 440 558 -194 
455 536 -195 452 510 -196 456 517 -197 
455 536 -195 456 517 -197 460 545 -196 
441 496 -198 440 489 -198 423 478 -198 
441 496 -198 423 478 -198 424 486 -199 
408 477 -199 424 486 -199 423 478 -198 
408 477 -199 423 478 -198 406 473 -199 
408 477 -199 406 473 -199 392 478 -199 
408 477 -199 392 478 -199 394 481 -199 
393 492 -198 394 481 -199 392 478 -199 
393 492 -198 392 478 -199 387 490 -198 
404 543 -196 411 541 -195 415 521 -196 
404 543 -196 415 521 -196 407 528 -196 
416 503 -197 423 516 -197 427 506 -198 
416 503 -197 427 506 -198 413 502 -198 
416 503 -197 413 502 -198 403 496 -198 
416 503 -197 403 496 -198 407 495 -198 
403 496 -198 398 505 -198 405 500 -197 
403 496 -198 405 500 -197 407 495 -198 
405 500 -197 398 505 -198 401 523 -197 
405 500 -197 401 523 -197 410 509 -197 
433 561 -195 444 558 -195 448 546 -196 
433 561 -195 448 546 -196 428 542 -196 
428 542 -196 448 546 -196 449 522 -197 
428 542 -196 449 522 -197 439 521 -197 
431 501 -198 449 522 -197 451 523 -198 
431 501 -198 451 523 -198 436 501 -199 
451 523 -198 456 517 -197 441 496 -198 
451 523 -198 441 496 -198 436 501 -199 
440 489 -198 441 496 -198 456 517 -197 
440 489 -198 456 517 -197 452 510 -196 
428 542 -196 411 541 -195 417 556 -195 
428 542 -196 417 556 -195 433 561 -195 
427 506 -198 439 521 -197 449 522 -197 
427 506 -198 449 522 -197 431 501 -198 
410 509 -197 415 521 -196 423 516 -197 
410 509 -197 423 516 -197 416 503 -197 
393 492 -198 398 505 -198 403 496 -198 
393 492 -198 403 496 -198 403 492 -199 
427 506 -198 431 501 -198 417 495 -199 
427 506 -198 417 495 -199 413 502 -198 
401 523 -197 398 505 -198 387 506 -197 
401 523 -197 387 506 -197 388 525 -196 
387 506 -197 398 505 -198 393 492 -198 
387 506 -197 393 492 -198 387 490 -198 
460 508 -196 445 481 -198 440 489 -198 
460 508 -196 440 489 -198 452 510 -196 
460 508 -196 452 510 -196 455 536 -195 
460 508 -196 455 536 -195 465 537 -195 
423 478 -198 445 481 -198 437 457 -199 
423 478 -198 437 457 -199 417 456 -199 
423 478 -198 417 456 -199 403 456 -199 
423 478 -198 403 456 -199 406 473 -199 
465 537 -195 455 536 -195 440 558 -194 
465 537 -195 440 558 -194 456 571 -193 
495 537 -194 465 537 -195 456 571 -193 
495 537 -194 456 571 -193 503 576 -192 
464 455 -198 437 457 -199 445 481 -198 
464 455 -198 445 481 -198 473 477 -197 
473 477 -197 445 481 -198 460 508 -196 
473 477 -197 460 508 -196 484 505 -196 
388 525 -196 387 506 -197 375 508 -197 
388 525 -196 375 508 -197 376 530 -196 
387 490 -198 392 478 -199 391 463 -199 
387 490 -198 391 463 -199 375 480 -198 
403 496 -198 413 502 -198 417 495 -199 
403 496 -198 417 495 -199 403 492 -199 
386 560 -193 417 574 -193 412 558 -194 
386 560 -193 412 558 -194 394 545 -195 
392 478 -199 406 473 -199 403 456 -199 
392 478 -199 403 456 -199 391 463 -199 
298 322 -198 300 340 -199 320 343 -199 
298 322 -198 320 343 -199 316 322 -198 
230 486 -187 230 501 -187 237 497 -188 
230 486 -187 237 497 -188 238 484 -188 
297 531 -193 296 519 -194 285 518 -193 
297 531 -193 285 518 -193 287 527 -193 
376 530 -196 375 508 -197 358 512 -197 
376 530 -196 358 512 -197 360 534 -195 
309 534 -194 323 535 -194 322 519 -195 
309 534 -194 322 519 -195 308 520 -195 
341 535 -195 360 534 -195 358 512 -197 
341 535 -195 358 512 -197 340 516 -196 
287 527 -193 285 518 -193 276 517 -192 
287 527 -193 276 517 -192 279 525 -192 
375 480 -198 375 508 -197 387 506 -197 
375 480 -198 387 506 -197 387 490 -198 
206 430 -191 212 428 -191 213 425 -191 
206 430 -191 213 425 -191 209 421 -191 
244 412 -196 247 419 -196 252 417 -196 
244 412 -196 252 417 -196 250 410 -196 
256 414 -197 255 408 -197 250 410 -196 
256 414 -197 250 410 -196 252 417 -196 
261 405 -197 259 404 -197 258 406 -197 
261 405 -197 258 406 -197 260 410 -197 
264 482 -194 256 481 -193 259 493 -192 
264 482 -194 259 493 -192 271 495 -194 
390 394 -201 388 371 -202 369 344 -202 
390 394 -201 369 344 -202 364 361 -201 
542 525 -193 495 537 -194 503 576 -192 
542 525 -193 503 576 -192 554 567 -191 
611 454 -186 590 426 -189 580 447 -191 
611 454 -186 580 447 -191 601 478 -189 
601 478 -189 580 502 -191 594 546 -189 
601 478 -189 594 546 -189 616 520 -186 
542 525 -193 580 502 -191 561 469 -193 
542 525 -193 561 469 -193 525 492 -195 
460 508 -196 465 537 -195 495 537 -194 
460 508 -196 495 537 -194 484 505 -196 
388 525 -196 376 530 -196 386 560 -193 
388 525 -196 386 560 -193 394 545 -195 
340 702 -172 407 716 -171 415 716 -174 
340 702 -172 415 716 -174 354 704 -175 
396 677 -183 443 688 -182 456 654 -187 
396 677 -183 456 654 -187 413 644 -187 
374 698 -179 428 708 -178 443 688 -182 
374 698 -179 443 688 -182 396 677 -183 
330 683 -166 403 699 -165 404 709 -168 
330 683 -166 404 709 -168 333 693 -169 
456 571 -193 440 558 -194 412 558 -194 
456 571 -193 412 558 -194 417 574 -193 
217 509 -185 222 487 -186 216 483 -185 
217 509 -185 216 483 -185 211 500 -184 
209 492 -183 211 500 -184 216 483 -185 
209 492 -183 216 483 -185 214 478 -184 
246 381 -194 255 365 -194 265 380 -196 
246 381 -194 265 380 -196 252 387 -195 
272 393 -197 264 397 -196 258 392 -196 
272 393 -197 258 392 -196 265 380 -196 
273 403 -196 268 402 -196 264 397 -196 
273 403 -196 264 397 -196 272 393 -197 
269 407 -196 268 404 -196 268 402 -196 
269 407 -196 268 402 -196 273 403 -196 
265 411 -195 280 406 -196 299 401 -195 
265 411 -195 299 401 -195 288 416 -192 
269 409 -196 269 407 -196 273 403 -196 
269 409 -196 273 403 -196 280 406 -196 
272 393 -197 265 380 -196 297 371 -196 
272 393 -197 297 371 -196 286 395 -197 
270 521 -191 273 527 -191 263 529 -191 
270 521 -191 263 529 -191 263 522 -191 
248 523 -189 247 518 -190 263 522 -191 
248 523 -189 263 522 -191 263 529 -191 
257 487 -189 252 486 -188 252 487 -188 
257 487 -189 252 487 -188 257 491 -188 
257 487 -189 255 489 -189 249 489 -189 
257 487 -189 249 489 -189 252 486 -188 
266 515 -191 257 507 -191 261 500 -191 
266 515 -191 261 500 -191 273 514 -191 
244 513 -189 247 501 -188 244 498 -188 
244 513 -189 244 498 -188 242 509 -189 
249 502 -190 252 500 -190 257 507 -191 
249 502 -190 257 507 -191 256 509 -191 
249 502 -190 247 495 -190 249 493 -190 
249 502 -190 249 493 -190 252 500 -190 
273 514 -191 275 523 -191 274 523 -191 
273 514 -191 274 523 -191 271 519 -191 
264 515 -191 266 515 -191 271 519 -191 
264 515 -191 271 519 -191 269 519 -191 
275 523 -191 266 527 -190 263 529 -191 
275 523 -191 263 529 -191 273 527 -191 
266 527 -190 254 520 -189 248 523 -189 
266 527 -190 248 523 -189 263 529 -191 
249 489 -188 244 498 -188 247 501 -188 
249 489 -188 247 501 -188 250 493 -188 
247 501 -188 244 513 -189 254 520 -189 
247 501 -188 254 520 -189 255 504 -188 
249 493 -190 255 489 -189 261 500 -191 
249 493 -190 261 500 -191 252 500 -190 
250 493 -188 247 501 -188 255 504 -188 
250 493 -188 255 504 -188 255 495 -188 
251 490 -188 255 495 -188 257 491 -188 
251 490 -188 257 491 -188 252 487 -188 
301 395 -200 314 379 -200 298 365 -200 
301 395 -200 298 365 -200 288 375 -200 
265 342 -199 263 330 -197 247 337 -197 
265 342 -199 247 337 -197 251 350 -198 
316 322 -198 320 343 -199 334 341 -200 
316 322 -198 334 341 -200 323 314 -199 
314 379 -200 320 362 -200 301 354 -199 
314 379 -200 301 354 -199 298 365 -200 
392 429 -200 380 437 -200 391 463 -199 
392 429 -200 391 463 -199 403 456 -199 
427 506 -198 423 516 -197 428 542 -196 
427 506 -198 428 542 -196 439 521 -197 
225 436 -192 229 434 -191 219 429 -191 
225 436 -192 219 429 -191 218 434 -191 
227 433 -192 229 434 -191 225 436 -192 
227 433 -192 225 436 -192 227 435 -192 
255 405 -193 288 416 -192 286 403 -191 
255 405 -193 286 403 -191 250 388 -192 
265 380 -196 255 365 -194 292 358 -195 
265 380 -196 292 358 -195 297 371 -196 
297 371 -196 292 358 -195 320 379 -193 
297 371 -196 320 379 -193 321 390 -194 
288 416 -192 321 390 -194 320 379 -193 
288 416 -192 320 379 -193 286 403 -191 
481 407 -203 512 374 -201 517 370 -203 
481 407 -203 517 370 -203 484 406 -204 
356 285 -203 355 302 -202 367 325 -203 
356 285 -203 367 325 -203 362 309 -204 
444 388 -203 444 378 -204 408 359 -206 
444 388 -203 408 359 -206 413 373 -204 
421 368 -207 408 359 -206 444 378 -204 
421 368 -207 444 378 -204 445 384 -206 
350 270 -205 354 294 -206 344 292 -206 
350 270 -205 344 292 -206 340 267 -206 
484 406 -204 488 405 -206 449 395 -207 
484 406 -204 449 395 -207 445 384 -206 
390 341 -207 404 355 -208 401 361 -209 
390 341 -207 401 361 -209 378 343 -208 
354 294 -206 373 314 -207 358 317 -207 
354 294 -206 358 317 -207 344 292 -206 
358 317 -207 373 314 -207 390 341 -207 
358 317 -207 390 341 -207 378 343 -208 
524 368 -205 517 370 -203 526 334 -201 
524 368 -205 526 334 -201 537 323 -203 
526 334 -201 519 345 -200 524 322 -198 
526 334 -201 524 322 -198 532 308 -199 
541 291 -201 537 323 -203 526 334 -201 
541 291 -201 526 334 -201 532 308 -199 
484 406 -204 517 370 -203 524 368 -205 
484 406 -204 524 368 -205 488 405 -206 
444 378 -204 481 407 -203 484 406 -204 
444 378 -204 484 406 -204 445 384 -206 
408 359 -206 421 368 -207 404 355 -208 
408 359 -206 404 355 -208 390 341 -207 
401 361 -209 404 355 -208 421 368 -207 
401 361 -209 421 368 -207 425 376 -208 
449 395 -207 425 376 -208 421 368 -207 
449 395 -207 421 368 -207 445 384 -206 
509 380 -200 509 387 -199 518 364 -197 
509 380 -200 518 364 -197 516 355 -199 
381 332 -205 383 353 -204 413 373 -204 
381 332 -205 413 373 -204 408 359 -206 
381 332 -205 362 309 -204 367 325 -203 
381 332 -205 367 325 -203 383 353 -204 
519 333 -197 516 355 -199 518 364 -197 
519 333 -197 518 364 -197 521 345 -196 
356 285 -203 362 309 -204 354 294 -206 
356 285 -203 354 294 -206 350 270 -205 
373 314 -207 381 332 -205 408 359 -206 
373 314 -207 408 359 -206 390 341 -207 
381 332 -205 373 314 -207 354 294 -206 
381 332 -205 354 294 -206 362 309 -204 
357 252 -204 356 269 -203 356 285 -203 
357 252 -204 356 285 -203 350 270 -205 
444 388 -203 481 409 -202 481 407 -203 
444 388 -203 481 407 -203 444 378 -204 
340 267 -206 344 243 -205 357 252 -204 
340 267 -206 357 252 -204 350 270 -205 
444 388 -203 447 403 -202 484 412 -201 
444 388 -203 484 412 -201 481 409 -202 
347 283 -201 339 294 -201 352 318 -201 
347 283 -201 352 318 -201 355 302 -202 
517 370 -203 512 374 -201 519 345 -200 
517 370 -203 519 345 -200 526 334 -201 
481 409 -202 484 412 -201 509 387 -199 
481 409 -202 509 387 -199 509 380 -200 
355 302 -202 352 318 -201 369 344 -202 
355 302 -202 369 344 -202 367 325 -203 
447 403 -202 444 388 -203 413 373 -204 
447 403 -202 413 373 -204 417 390 -202 
512 374 -201 509 380 -200 516 355 -199 
512 374 -201 516 355 -199 519 345 -200 
383 353 -204 388 371 -202 417 390 -202 
383 353 -204 417 390 -202 413 373 -204 
367 325 -203 369 344 -202 388 371 -202 
367 325 -203 388 371 -202 383 353 -204 
524 322 -198 519 345 -200 516 355 -199 
524 322 -198 516 355 -199 519 333 -197 
356 269 -203 347 283 -201 355 302 -202 
356 269 -203 355 302 -202 356 285 -203 
481 407 -203 481 409 -202 509 380 -200 
481 407 -203 509 380 -200 512 374 -201 
553 271 -203 549 313 -205 537 323 -203 
553 271 -203 537 323 -203 541 291 -201 
492 406 -208 453 404 -209 449 395 -207 
492 406 -208 449 395 -207 488 405 -206 
488 405 -206 524 368 -205 529 364 -206 
488 405 -206 529 364 -206 492 406 -208 
338 290 -208 330 262 -207 340 267 -206 
338 290 -208 340 267 -206 344 292 -206 
372 349 -209 351 321 -209 358 317 -207 
372 349 -209 358 317 -207 378 343 -208 
449 395 -207 453 404 -209 423 390 -209 
449 395 -207 423 390 -209 425 376 -208 
395 373 -210 372 349 -209 378 343 -208 
395 373 -210 378 343 -208 401 361 -209 
529 364 -206 524 368 -205 537 323 -203 
529 364 -206 537 323 -203 549 313 -205 
330 262 -207 333 235 -206 344 243 -205 
330 262 -207 344 243 -205 340 267 -206 
344 292 -206 358 317 -207 351 321 -209 
344 292 -206 351 321 -209 338 290 -208 
395 373 -210 401 361 -209 425 376 -208 
395 373 -210 425 376 -208 423 390 -209 
263 522 -191 247 518 -190 247 519 -190 
263 522 -191 247 519 -190 262 522 -191 
258 403 -196 258 403 -196 257 405 -197 
258 403 -196 257 405 -197 258 403 -197 
270 521 -191 269 521 -192 271 521 -192 
270 521 -191 271 521 -192 271 520 -191 
273 403 -196 272 393 -197 286 395 -197 
273 403 -196 286 395 -197 280 406 -196 
263 522 -191 262 522 -191 269 521 -192 
263 522 -191 269 521 -192 270 521 -191 
261 403 -196 262 404 -196 258 403 -196 
261 403 -196 258 403 -196 258 403 -196 
257 402 -196 253 403 -196 257 404 -196 
257 402 -196 257 404 -196 260 403 -196 
238 437 -183 240 437 -183 237 438 -183 
240 437 -183 240 439 -183 237 438 -183 
239 442 -182 237 438 -183 240 439 -183 
284 387 -190 254 355 -190 248 373 -191 
240 435 -183 240 437 -183 238 437 -183 
236 364 -192 248 373 -191 238 356 -191 
248 343 -191 244 348 -191 254 355 -190 
237 373 -192 238 379 -193 250 388 -192 
535 606 -158 485 628 -157 497 594 -156 
238 437 -183 238 436 -183 240 435 -183 
411 278 -182 408 274 -181 393 284 -182 
451 349 -170 473 342 -171 455 356 -172 
430 296 -182 458 308 -182 451 307 -181 
245 356 -192 250 347 -192 258 343 -193 
257 342 -190 254 355 -190 269 342 -191 
243 366 -193 255 365 -194 243 374 -194 
232 420 -182 240 423 -183 235 429 -183 
223 424 -179 224 434 -180 234 435 -179 
233 402 -180 241 409 -181 230 410 -181 
255 431 -181 249 401 -179 251 406 -178 
255 431 -181 234 435 -179 241 443 -181 
255 431 -181 251 406 -178 242 420 -178 
255 431 -181 240 423 -183 241 409 -181 
249 401 -179 255 431 -181 241 409 -181 
241 443 -181 243 442 -182 255 431 -181 
255 431 -181 243 442 -182 247 440 -183 
240 439 -183 243 442 -182 239 442 -182 
246 400 -178 251 406 -178 248 398 -178 
249 401 -179 240 398 -179 246 398 -179 
245 434 -183 255 431 -181 247 440 -183 
240 423 -183 255 431 -181 245 434 -183 
234 435 -179 255 431 -181 242 420 -178 
420 322 -177 438 324 -174 415 336 -174 
420 322 -177 431 310 -178 438 324 -174 
319 367 -192 292 340 -194 291 347 -191 
319 367 -192 291 347 -191 284 387 -190 
291 347 -191 277 334 -192 269 342 -191 
292 340 -194 277 334 -192 291 347 -191 
252 487 -188 250 486 -188 249 489 -188 
251 490 -188 252 487 -188 249 489 -188 
249 489 -188 250 493 -188 251 490 -188 
265 411 -195 288 416 -192 255 405 -193 
252 487 -188 252 486 -188 250 486 -188 
255 405 -193 242 393 -194 247 398 -195 
255 401 -195 260 404 -196 265 411 -195 
238 379 -193 239 386 -194 250 388 -192 
470 717 -175 509 707 -177 476 710 -178 
250 487 -188 250 486 -188 252 486 -188 
406 484 -199 408 477 -199 394 481 -199 
452 562 -195 436 569 -194 440 558 -194 
445 481 -198 423 478 -198 440 489 -198 
258 392 -196 252 387 -195 265 380 -196 
265 411 -195 269 409 -196 280 406 -196 
255 365 -194 246 381 -194 243 374 -194 
255 489 -189 249 493 -190 249 489 -189 
244 513 -189 248 523 -189 254 520 -189 
261 500 -191 257 507 -191 252 500 -190 
273 514 -191 270 503 -189 275 523 -191 
254 520 -189 270 503 -189 255 504 -188 
275 523 -191 270 503 -189 266 527 -190 
255 489 -189 270 503 -189 261 500 -191 
270 503 -189 273 514 -191 261 500 -191 
255 495 -188 255 504 -188 270 503 -189 
255 495 -188 270 503 -189 257 491 -188 
255 495 -188 251 490 -188 250 493 -188 
275 523 -191 273 527 -191 274 523 -191 
266 515 -191 273 514 -191 271 519 -191 
270 503 -189 257 487 -189 257 491 -188 
270 503 -189 255 489 -189 257 487 -189 
270 503 -189 254 520 -189 266 527 -190 
428 542 -196 415 521 -196 411 541 -195 
423 516 -197 415 521 -196 428 542 -196 
297 371 -196 321 390 -194 299 401 -195 
299 401 -195 321 390 -194 288 416 -192 
286 395 -197 299 401 -195 280 406 -196 
286 395 -197 297 371 -196 299 401 -195 
