204 320 126  200 325 127  204 320 128  
204 320 126  204 320 128  209 316 128  
200 365 130  179 352 124  178 363 121  
200 365 130  178 363 121  197 384 122  
185 353 119  179 358 121  184 346 123  
185 353 119  184 346 123  190 340 121  
198 328 124  190 340 121  184 346 123  
198 328 124  184 346 123  193 334 125  
198 328 124  193 334 125  200 325 127  
198 328 124  200 325 127  204 320 126  
205 320 130  212 324 132  211 317 130  
205 320 130  211 317 130  206 317 130  
209 316 129  209 316 128  204 320 128  
209 316 129  204 320 128  205 318 129  
211 317 130  209 316 129  205 318 129  
211 317 130  205 318 129  206 317 130  
205 320 130  200 325 129  209 342 132  
205 320 130  209 342 132  212 324 132  
185 353 119  184 364 116  178 368 117  
185 353 119  178 368 117  179 358 121  
200 365 130  209 342 132  193 331 128  
200 365 130  193 331 128  184 341 127  
267 242 117  300 236 125  283 245 133  
267 242 117  283 245 133  247 251 125  
219 311 156  207 311 151  218 294 147  
219 311 156  218 294 147  234 294 153  
537 273 141  543 300 149  497 281 154  
537 273 141  497 281 154  489 253 145  
347 370 197  344 337 188  366 329 187  
347 370 197  366 329 187  380 366 198  
316 242 114  300 252 98  316 237 93  
316 242 114  316 237 93  344 227 108  
243 247 110  229 252 115  214 257 110  
243 247 110  214 257 110  227 252 107  
300 252 98  316 242 114  277 252 109  
300 252 98  277 252 109  278 263 100  
316 242 114  300 236 125  267 242 117  
316 242 114  267 242 117  277 252 109  
416 461 224  367 455 220  380 411 210  
416 461 224  380 411 210  425 415 214  
258 403 195  277 404 198  257 431 201  
258 403 195  257 431 201  240 424 197  
217 406 183  228 397 183  228 397 185  
217 406 183  228 397 185  216 409 185  
227 418 193  243 401 191  258 403 195  
227 418 193  258 403 195  240 424 197  
218 404 181  217 402 179  225 397 179  
218 404 181  225 397 179  227 396 181  
322 447 214  341 409 206  380 411 210  
322 447 214  380 411 210  367 455 220  
227 418 193  220 413 189  232 399 188  
227 418 193  232 399 188  243 401 191  
213 483 199  195 507 194  185 487 185  
213 483 199  185 487 185  202 466 192  
185 487 185  181 470 179  193 454 187  
185 487 185  193 454 187  202 466 192  
213 483 199  231 502 209  210 530 204  
213 483 199  210 530 204  195 507 194  
194 438 173  196 447 168  199 443 167  
194 438 173  199 443 167  195 435 172  
202 444 167  197 434 172  195 435 172  
202 444 167  195 435 172  199 443 167  
181 470 179  188 458 174  193 446 181  
181 470 179  193 446 181  193 454 187  
193 441 177  192 450 171  194 447 170  
193 441 177  194 447 170  193 439 175  
162 411 139  158 401 141  151 404 139  
162 411 139  151 404 139  152 408 137  
313 322 180  305 302 172  333 288 169  
313 322 180  333 288 169  340 310 179  
250 277 147  266 262 140  292 260 149  
250 277 147  292 260 149  273 281 155  
189 310 131  193 306 130  194 299 132  
189 310 131  194 299 132  190 305 133  
273 281 155  292 260 149  316 269 158  
273 281 155  316 269 158  292 290 163  
218 294 147  207 311 151  198 313 145  
218 294 147  198 313 145  206 298 142  
206 317 130  200 316 129  198 318 129  
206 317 130  198 318 129  205 320 130  
194 321 128  200 325 129  205 320 130  
194 321 128  205 320 130  198 318 129  
184 317 132  186 318 130  190 313 130  
184 317 132  190 313 130  189 310 131  
197 301 137  190 305 133  194 299 132  
197 301 137  194 299 132  201 291 134  
243 369 179  233 365 175  246 348 175  
243 369 179  246 348 175  254 359 180  
220 334 164  206 330 158  219 311 156  
220 334 164  219 311 156  233 314 163  
219 311 156  234 294 153  252 297 160  
219 311 156  252 297 160  233 314 163  
185 304 126  185 312 127  176 317 125  
185 304 126  176 317 125  177 307 123  
188 329 141  181 327 135  186 315 135  
188 329 141  186 315 135  192 314 139  
194 293 127  202 281 126  204 285 131  
194 293 127  204 285 131  196 295 130  
190 305 133  197 301 137  192 314 139  
190 305 133  192 314 139  186 315 135  
176 317 125  185 312 127  187 319 127  
176 317 125  187 319 127  179 327 126  
178 408 151  172 421 151  172 407 150  
178 408 151  172 407 150  182 395 150  
177 436 155  172 447 154  166 431 150  
177 436 155  166 431 150  172 421 151  
190 433 158  187 447 158  177 436 155  
190 433 158  177 436 155  180 421 155  
543 300 149  555 325 157  507 306 163  
543 300 149  507 306 163  497 281 154  
218 275 132  219 268 125  247 251 125  
218 275 132  247 251 125  240 266 134  
266 262 140  283 245 133  314 241 142  
266 262 140  314 241 142  292 260 149  
316 269 158  343 248 153  363 277 166  
316 269 158  363 277 166  333 288 169  
364 304 177  340 310 179  333 288 169  
364 304 177  333 288 169  363 277 166  
232 580 209  279 605 218  273 628 212  
232 580 209  273 628 212  226 601 203  
265 522 218  294 486 219  340 500 226  
265 522 218  340 500 226  311 542 227  
416 461 224  395 511 231  340 500 226  
416 461 224  340 500 226  367 455 220  
185 487 185  195 507 194  186 528 188  
185 487 185  186 528 188  176 505 178  
187 447 158  190 433 158  198 439 159  
187 447 158  198 439 159  195 450 161  
165 455 153  158 439 149  166 431 150  
165 455 153  166 431 150  172 447 154  
186 528 188  200 553 198  196 572 193  
186 528 188  196 572 193  183 544 183  
176 530 169  174 509 162  175 500 165  
176 530 169  175 500 165  175 518 173  
182 559 178  176 530 169  175 518 173  
182 559 178  175 518 173  183 544 183  
219 446 196  202 466 192  193 454 187  
219 446 196  193 454 187  211 437 192  
240 424 197  219 446 196  211 437 192  
240 424 197  211 437 192  227 418 193  
203 406 163  199 422 160  192 413 158  
203 406 163  192 413 158  199 397 160  
173 379 141  168 395 136  161 379 132  
173 379 141  161 379 132  174 371 138  
184 376 146  173 379 141  174 371 138  
184 376 146  174 371 138  185 370 144  
151 381 126  159 362 131  161 379 132  
151 381 126  161 379 132  159 388 128  
185 404 155  182 395 152  187 381 153  
185 404 155  187 381 153  192 389 157  
151 381 126  159 388 128  159 394 125  
151 381 126  159 394 125  152 387 123  
187 375 149  185 385 149  184 376 146  
187 375 149  184 376 146  185 370 144  
187 381 153  182 395 152  185 385 149  
187 381 153  185 385 149  187 375 149  
202 440 161  207 441 162  206 443 162  
202 440 161  206 443 162  202 444 162  
226 601 203  196 572 193  200 553 198  
226 601 203  200 553 198  232 580 209  
291 576 224  351 594 231  339 625 225  
291 576 224  339 625 225  279 605 218  
473 632 229  407 635 229  416 602 233  
473 632 229  416 602 233  474 599 234  
407 635 229  403 662 223  334 650 219  
407 635 229  334 650 219  339 625 225  
177 483 170  181 470 179  185 487 185  
177 483 170  185 487 185  176 505 178  
176 505 178  175 518 173  175 500 165  
176 505 178  175 500 165  177 483 170  
188 458 174  188 463 167  194 453 166  
188 458 174  194 453 166  192 450 171  
186 318 130  184 317 132  176 326 132  
186 318 130  176 326 132  177 326 130  
153 405 147  141 415 144  143 407 140  
153 405 147  143 407 140  153 398 143  
172 400 142  162 411 139  161 406 135  
172 400 142  161 406 135  168 395 136  
154 357 128  144 376 125  148 363 121  
154 357 128  148 363 121  157 346 125  
157 346 125  148 363 121  162 357 119  
157 346 125  162 357 119  168 343 123  
168 343 123  162 357 119  178 363 121  
168 343 123  178 363 121  179 352 124  
161 379 132  168 395 136  165 398 131  
161 379 132  165 398 131  159 388 128  
148 363 121  144 376 125  145 383 122  
148 363 121  145 383 122  149 373 118  
178 372 118  178 363 121  162 357 119  
178 372 118  162 357 119  162 367 116  
143 407 140  141 415 144  133 425 141  
143 407 140  133 425 141  133 415 137  
148 425 147  158 439 149  151 448 148  
148 425 147  151 448 148  140 434 145  
165 455 153  160 463 151  151 448 148  
165 455 153  151 448 148  158 439 149  
165 455 153  177 467 156  173 474 155  
165 455 153  173 474 155  160 463 151  
129 423 134  133 415 137  133 425 141  
129 423 134  133 425 141  130 435 138  
130 435 138  133 425 141  140 434 145  
130 435 138  140 434 145  137 445 141  
322 447 214  367 455 220  340 500 226  
322 447 214  340 500 226  294 486 219  
242 387 186  246 378 182  258 370 185  
242 387 186  258 370 185  254 385 189  
254 385 189  243 401 191  232 399 188  
254 385 189  232 399 188  242 387 186  
306 407 202  317 375 195  347 370 197  
306 407 202  347 370 197  341 409 206  
258 370 185  274 363 186  269 382 191  
258 370 185  269 382 191  254 385 189  
232 392 182  230 390 180  237 385 181  
232 392 182  237 385 181  236 391 183  
344 337 188  347 370 197  317 375 195  
344 337 188  317 375 195  318 347 188  
317 375 195  289 378 194  293 356 187  
317 375 195  293 356 187  318 347 188  
283 271 86  293 253 80  316 237 93  
283 271 86  316 237 93  300 252 98  
210 265 119  196 278 122  189 283 117  
210 265 119  189 283 117  199 270 113  
175 305 115  172 319 112  174 304 109  
175 305 115  174 304 109  181 291 112  
194 314 128  199 317 128  197 318 128  
194 314 128  197 318 128  192 315 128  
198 318 129  200 316 129  195 314 129  
198 318 129  195 314 129  193 315 129  
179 327 126  187 333 125  177 344 123  
179 327 126  177 344 123  167 336 124  
199 329 152  207 311 151  219 311 156  
199 329 152  219 311 156  206 330 158  
202 350 159  206 330 158  220 334 164  
202 350 159  220 334 164  211 356 164  
188 361 149  190 365 154  187 381 153  
188 361 149  187 381 153  187 375 149  
198 313 145  192 329 146  188 329 141  
198 313 145  188 329 141  192 314 139  
232 340 170  246 348 175  233 365 175  
232 340 170  233 365 175  222 360 169  
232 382 178  222 381 173  233 365 175  
232 382 178  233 365 175  243 369 179  
370 239 146  337 233 135  358 237 128  
370 239 146  358 237 128  388 244 142  
258 403 195  243 401 191  254 385 189  
258 403 195  254 385 189  269 382 191  
271 347 181  254 359 180  246 348 175  
271 347 181  246 348 175  261 333 176  
242 387 186  236 391 183  237 385 181  
242 387 186  237 385 181  246 378 182  
664 558 178  642 604 192  638 571 203  
664 558 178  638 571 203  659 524 190  
232 580 209  200 553 198  210 530 204  
232 580 209  210 530 204  244 553 214  
291 576 224  244 553 214  265 522 218  
291 576 224  265 522 218  311 542 227  
179 327 126  187 319 127  194 324 127  
179 327 126  194 324 127  187 333 125  
194 321 128  187 324 127  193 331 128  
194 321 128  193 331 128  200 325 129  
198 275 99  204 263 105  188 276 109  
198 275 99  188 276 109  179 288 104  
300 236 125  337 233 135  314 241 142  
300 236 125  314 241 142  283 245 133  
230 280 141  250 277 147  234 294 153  
230 280 141  234 294 153  218 294 147  
267 303 167  247 321 169  233 314 163  
267 303 167  233 314 163  252 297 160  
403 662 223  473 660 223  472 682 217  
403 662 223  472 682 217  402 682 217  
535 645 221  473 660 223  473 632 229  
535 645 221  473 632 229  532 614 228  
203 436 164  199 423 166  201 424 167  
203 436 164  201 424 167  205 436 164  
201 413 164  201 428 161  199 422 160  
201 413 164  199 422 160  203 406 163  
292 260 149  314 241 142  343 248 153  
292 260 149  343 248 153  316 269 158  
231 502 209  213 483 199  233 458 202  
231 502 209  233 458 202  257 470 210  
193 441 177  193 439 175  201 422 179  
193 441 177  201 422 179  201 425 182  
200 446 162  195 450 161  198 439 159  
200 446 162  198 439 159  201 440 160  
196 447 168  199 447 165  204 444 164  
196 447 168  204 444 164  199 443 167  
203 436 164  201 432 163  199 419 165  
203 436 164  199 419 165  199 423 166  
205 436 164  209 442 163  207 441 162  
205 436 164  207 441 162  203 436 164  
184 376 146  185 385 149  182 395 150  
184 376 146  182 395 150  180 381 148  
177 307 123  169 314 119  175 305 115  
177 307 123  175 305 115  182 295 119  
199 270 113  214 257 110  229 252 115  
199 270 113  229 252 115  210 265 119  
240 266 134  230 280 141  213 285 137  
240 266 134  213 285 137  218 275 132  
189 345 148  187 344 142  188 329 141  
189 345 148  188 329 141  192 329 146  
192 329 146  198 313 145  207 311 151  
192 329 146  207 311 151  199 329 152  
194 304 129  193 309 129  190 310 128  
194 304 129  190 310 128  191 303 127  
205 318 129  204 320 128  197 318 128  
205 318 129  197 318 128  199 317 128  
199 317 128  200 316 129  206 317 130  
199 317 128  206 317 130  205 318 129  
177 326 130  181 324 128  189 318 129  
177 326 130  189 318 129  186 318 130  
316 242 114  358 237 128  337 233 135  
316 242 114  337 233 135  300 236 125  
343 248 153  370 239 146  386 262 158  
343 248 153  386 262 158  363 277 166  
148 407 136  143 407 140  133 415 137  
148 407 136  133 415 137  143 408 134  
140 434 145  151 448 148  148 457 145  
140 434 145  148 457 145  137 445 141  
578 330 140  571 307 132  585 339 123  
578 330 140  585 339 123  595 361 130  
201 420 176  200 421 177  195 435 172  
201 420 176  195 435 172  197 434 172  
195 435 172  200 421 177  201 422 178  
195 435 172  201 422 178  194 438 173  
204 444 164  209 445 163  202 444 167  
204 444 164  202 444 167  199 443 167  
219 268 125  218 275 132  204 285 131  
219 268 125  204 285 131  202 281 126  
182 295 119  188 292 124  185 304 126  
182 295 119  185 304 126  177 307 123  
178 408 151  182 395 150  185 385 149  
178 408 151  185 385 149  182 395 152  
277 404 198  289 378 194  317 375 195  
277 404 198  317 375 195  306 407 202  
160 463 151  158 470 149  148 457 145  
160 463 151  148 457 145  151 448 148  
173 474 155  171 481 153  158 470 149  
173 474 155  158 470 149  160 463 151  
194 321 128  189 318 129  181 324 128  
194 321 128  181 324 128  187 324 127  
164 323 122  169 314 119  177 307 123  
164 323 122  177 307 123  176 317 125  
151 335 118  162 325 115  169 314 119  
151 335 118  169 314 119  164 323 122  
166 431 150  158 439 149  148 425 147  
166 431 150  148 425 147  159 417 149  
172 319 112  175 305 115  169 314 119  
172 319 112  169 314 119  162 325 115  
166 392 142  166 386 142  169 377 144  
166 392 142  169 377 144  161 386 145  
167 392 149  180 381 148  182 395 150  
167 392 149  182 395 150  172 407 150  
159 417 149  153 405 147  167 392 149  
159 417 149  167 392 149  172 407 150  
148 425 147  141 415 144  153 405 147  
148 425 147  153 405 147  159 417 149  
193 454 187  193 446 181  205 430 186  
193 454 187  205 430 186  211 437 192  
193 306 130  193 310 129  193 309 129  
193 306 130  193 309 129  194 304 129  
164 323 122  176 317 125  179 327 126  
164 323 122  179 327 126  167 336 124  
169 356 120  168 368 117  152 363 115  
169 356 120  152 363 115  155 349 119  
155 349 119  151 335 118  164 323 122  
155 349 119  164 323 122  167 336 124  
193 334 125  187 333 125  194 324 127  
193 334 125  194 324 127  200 325 127  
193 334 125  184 346 123  177 344 123  
193 334 125  177 344 123  187 333 125  
184 346 123  179 358 121  169 356 120  
184 346 123  169 356 120  177 344 123  
159 404 132  165 398 131  168 395 136  
159 404 132  168 395 136  161 406 135  
143 408 134  142 413 131  160 409 130  
143 408 134  160 409 130  159 404 132  
152 408 137  148 407 136  161 406 135  
152 408 137  161 406 135  162 411 139  
148 425 147  140 434 145  133 425 141  
148 425 147  133 425 141  141 415 144  
194 314 128  192 315 128  190 310 128  
194 314 128  190 310 128  193 309 129  
199 419 165  201 406 169  200 411 170  
199 419 165  200 411 170  199 423 166  
227 395 179  229 394 180  227 396 181  
227 395 179  227 396 181  225 397 179  
225 396 178  227 395 179  228 397 178  
225 396 178  228 397 178  226 397 178  
223 273 98  198 275 99  199 297 94  
223 273 98  199 297 94  222 291 92  
204 263 105  225 259 103  227 252 107  
204 263 105  227 252 107  214 257 110  
557 544 231  506 525 235  527 476 228  
557 544 231  527 476 228  587 498 224  
557 544 231  518 580 234  484 567 236  
557 544 231  484 567 236  506 525 235  
527 476 228  506 525 235  451 518 235  
527 476 228  451 518 235  470 466 228  
474 599 234  416 602 233  431 564 236  
474 599 234  431 564 236  484 567 236  
249 268 98  278 263 100  277 252 109  
249 268 98  277 252 109  248 257 105  
243 247 110  227 252 107  225 259 103  
243 247 110  225 259 103  248 257 105  
194 453 166  197 450 166  194 447 170  
194 453 166  194 447 170  192 450 171  
535 645 221  532 614 228  585 579 223  
535 645 221  585 579 223  594 614 214  
585 579 223  557 544 231  587 498 224  
585 579 223  587 498 224  623 534 214  
622 370 158  595 350 148  615 380 138  
622 370 158  615 380 138  640 403 147  
595 350 148  578 330 140  595 361 130  
595 350 148  595 361 130  615 380 138  
507 306 163  555 325 157  577 343 169  
507 306 163  577 343 169  521 330 175  
577 343 169  596 368 182  533 353 188  
577 343 169  533 353 188  521 330 175  
670 511 163  665 477 174  658 435 159  
670 511 163  658 435 159  662 467 149  
337 233 135  370 239 146  343 248 153  
337 233 135  343 248 153  314 241 142  
199 422 160  201 428 161  201 440 160  
199 422 160  201 440 160  198 439 159  
192 413 158  190 433 158  180 421 155  
192 413 158  180 421 155  185 404 155  
540 384 203  604 405 198  602 450 212  
540 384 203  602 450 212  539 427 217  
527 476 228  470 466 228  478 418 217  
527 476 228  478 418 217  539 427 217  
425 415 214  478 418 217  470 466 228  
425 415 214  470 466 228  416 461 224  
380 411 210  341 409 206  347 370 197  
380 411 210  347 370 197  380 366 198  
236 391 183  228 397 185  228 397 183  
236 391 183  228 397 183  232 392 182  
220 413 189  227 418 193  211 437 192  
220 413 189  211 437 192  205 430 186  
351 594 231  371 556 233  431 564 236  
351 594 231  431 564 236  416 602 233  
311 542 227  340 500 226  395 511 231  
311 542 227  395 511 231  371 556 233  
351 594 231  291 576 224  311 542 227  
351 594 231  311 542 227  371 556 233  
240 424 197  257 431 201  233 458 202  
240 424 197  233 458 202  219 446 196  
236 391 183  242 387 186  232 399 188  
236 391 183  232 399 188  228 397 185  
249 268 98  223 273 98  222 291 92  
249 268 98  222 291 92  249 284 90  
188 276 109  199 270 113  189 283 117  
188 276 109  189 283 117  181 291 112  
489 253 145  497 281 154  456 267 155  
489 253 145  456 267 155  446 242 144  
203 406 163  209 385 167  204 400 169  
203 406 163  204 400 169  201 413 164  
216 409 185  201 425 182  201 422 179  
216 409 185  201 422 179  217 406 183  
190 313 130  186 318 130  189 318 129  
190 313 130  189 318 129  193 315 129  
193 310 129  190 313 130  193 315 129  
193 310 129  193 315 129  195 314 129  
166 339 130  154 357 128  157 346 125  
166 339 130  157 346 125  170 332 127  
152 387 123  145 383 122  144 376 125  
152 387 123  144 376 125  151 381 126  
157 346 125  168 343 123  177 332 125  
157 346 125  177 332 125  170 332 127  
177 332 125  168 343 123  179 352 124  
177 332 125  179 352 124  184 341 127  
149 373 118  162 367 116  162 357 119  
149 373 118  162 357 119  148 363 121  
333 671 214  271 649 207  273 628 212  
333 671 214  273 628 212  334 650 219  
187 381 153  190 365 154  197 371 158  
187 381 153  197 371 158  192 389 157  
208 403 173  202 413 170  200 411 170  
208 403 173  200 411 170  207 401 174  
218 404 181  201 422 178  200 421 177  
218 404 181  200 421 177  217 402 179  
202 440 161  201 432 163  203 436 164  
202 440 161  203 436 164  207 441 162  
206 443 162  207 441 162  209 442 163  
206 443 162  209 442 163  209 444 162  
188 276 109  204 263 105  214 257 110  
188 276 109  214 257 110  199 270 113  
188 276 109  181 291 112  174 304 109  
188 276 109  174 304 109  179 288 104  
226 398 179  230 400 181  232 398 179  
226 398 179  232 398 179  228 397 178  
205 436 164  207 434 164  211 441 162  
205 436 164  211 441 162  209 442 163  
207 434 164  205 436 164  201 424 167  
207 434 164  201 424 167  204 424 166  
208 403 173  218 399 176  221 398 176  
208 403 173  221 398 176  210 402 172  
201 420 176  197 434 172  201 439 173  
201 420 176  201 439 173  203 427 178  
225 396 178  226 393 178  229 394 180  
225 396 178  229 394 180  227 395 179  
230 390 180  232 392 182  229 394 180  
230 390 180  229 394 180  226 393 178  
228 397 183  217 406 183  218 404 181  
228 397 183  218 404 181  227 396 181  
201 422 178  201 422 179  193 439 175  
201 422 178  193 439 175  194 438 173  
202 444 162  200 446 162  201 440 160  
202 444 162  201 440 160  202 440 161  
196 278 122  210 265 119  219 268 125  
196 278 122  219 268 125  202 281 126  
225 259 103  204 263 105  198 275 99  
225 259 103  198 275 99  223 273 98  
247 251 125  283 245 133  266 262 140  
247 251 125  266 262 140  240 266 134  
204 320 128  200 325 127  194 324 127  
204 320 128  194 324 127  197 318 128  
194 304 129  191 303 127  194 293 127  
194 304 129  194 293 127  196 295 130  
144 376 125  154 357 128  159 362 131  
144 376 125  159 362 131  151 381 126  
154 357 128  166 339 130  169 341 132  
154 357 128  169 341 132  159 362 131  
199 397 160  192 413 158  185 404 155  
199 397 160  185 404 155  192 389 157  
190 365 154  194 347 153  202 350 159  
190 365 154  202 350 159  197 371 158  
177 436 155  172 421 151  178 408 151  
177 436 155  178 408 151  180 421 155  
177 467 156  165 455 153  172 447 154  
177 467 156  172 447 154  182 458 157  
178 408 151  182 395 152  185 404 155  
178 408 151  185 404 155  180 421 155  
177 483 170  188 463 167  188 458 174  
177 483 170  188 458 174  181 470 179  
193 441 177  193 446 181  188 458 174  
193 441 177  188 458 174  192 450 171  
219 446 196  233 458 202  213 483 199  
219 446 196  213 483 199  202 466 192  
197 450 166  200 446 162  202 444 162  
197 450 166  202 444 162  199 447 165  
206 443 162  204 444 164  199 447 165  
206 443 162  199 447 165  202 444 162  
204 444 164  206 443 162  209 444 162  
204 444 164  209 444 162  209 445 163  
277 404 198  306 407 202  285 439 207  
277 404 198  285 439 207  257 431 201  
533 223 134  535 247 137  482 228 137  
533 223 134  482 228 137  476 205 129  
325 218 86  316 237 93  293 253 80  
325 218 86  293 253 80  305 235 75  
411 242 141  446 242 144  456 267 155  
411 242 141  456 267 155  426 263 155  
185 304 126  191 303 127  190 310 128  
185 304 126  190 310 128  185 312 127  
411 242 141  388 244 142  358 237 128  
411 242 141  358 237 128  384 226 124  
411 242 141  426 263 155  405 262 154  
411 242 141  405 262 154  388 244 142  
622 370 158  640 403 147  658 435 159  
622 370 158  658 435 159  641 399 171  
599 387 123  620 408 130  615 380 138  
599 387 123  615 380 138  595 361 130  
620 408 130  644 433 138  640 403 147  
620 408 130  640 403 147  615 380 138  
638 571 203  642 604 192  596 643 205  
638 571 203  596 643 205  594 614 214  
535 670 213  535 645 221  594 614 214  
535 670 213  594 614 214  596 643 205  
595 361 130  585 339 123  587 363 115  
595 361 130  587 363 115  599 387 123  
643 486 202  659 524 190  638 571 203  
643 486 202  638 571 203  623 534 214  
535 670 213  472 682 217  473 660 223  
535 670 213  473 660 223  535 645 221  
384 226 124  434 220 133  446 242 144  
384 226 124  446 242 144  411 242 141  
446 242 144  434 220 133  482 228 137  
446 242 144  482 228 137  489 253 145  
535 247 137  537 273 141  489 253 145  
535 247 137  489 253 145  482 228 137  
537 273 141  535 247 137  567 285 126  
537 273 141  567 285 126  571 307 132  
585 339 123  579 316 116  579 341 108  
585 339 123  579 341 108  587 363 115  
539 427 217  602 450 212  587 498 224  
539 427 217  587 498 224  527 476 228  
664 558 178  659 524 190  665 477 174  
664 558 178  665 477 174  670 511 163  
602 450 212  604 405 198  648 439 187  
602 450 212  648 439 187  643 486 202  
423 379 203  476 375 202  478 418 217  
423 379 203  478 418 217  425 415 214  
195 507 194  210 530 204  200 553 198  
195 507 194  200 553 198  186 528 188  
195 589 188  182 559 178  183 544 183  
195 589 188  183 544 183  196 572 193  
183 544 183  175 518 173  176 505 178  
183 544 183  176 505 178  186 528 188  
271 649 207  224 620 197  226 601 203  
271 649 207  226 601 203  273 628 212  
196 572 193  226 601 203  224 620 197  
196 572 193  224 620 197  195 589 188  
246 348 175  232 340 170  247 321 169  
246 348 175  247 321 169  261 333 176  
261 333 176  247 321 169  267 303 167  
261 333 176  267 303 167  280 317 174  
305 302 172  280 317 174  267 303 167  
305 302 172  267 303 167  292 290 163  
229 252 115  247 251 125  219 268 125  
229 252 115  219 268 125  210 265 119  
185 304 126  188 292 124  194 293 127  
185 304 126  194 293 127  191 303 127  
185 312 127  190 310 128  192 315 128  
185 312 127  192 315 128  187 319 127  
187 319 127  192 315 128  197 318 128  
187 319 127  197 318 128  194 324 127  
224 389 177  232 382 178  237 385 181  
224 389 177  237 385 181  230 390 180  
226 393 178  225 396 178  218 397 176  
226 393 178  218 397 176  220 394 177  
225 396 178  226 397 178  218 399 176  
225 396 178  218 399 176  218 397 176  
220 394 177  224 389 177  230 390 180  
220 394 177  230 390 180  226 393 178  
265 522 218  231 502 209  257 470 210  
265 522 218  257 470 210  294 486 219  
244 553 214  210 530 204  231 502 209  
244 553 214  231 502 209  265 522 218  
257 431 201  285 439 207  257 470 210  
257 431 201  257 470 210  233 458 202  
216 409 185  228 397 185  232 399 188  
216 409 185  232 399 188  220 413 189  
216 409 185  220 413 189  205 430 186  
216 409 185  205 430 186  201 425 182  
201 425 182  205 430 186  193 446 181  
201 425 182  193 446 181  193 441 177  
197 301 137  206 298 142  198 313 145  
197 301 137  198 313 145  192 314 139  
189 283 117  182 295 119  175 305 115  
189 283 117  175 305 115  181 291 112  
189 283 117  196 278 122  188 292 124  
189 283 117  188 292 124  182 295 119  
213 285 137  201 291 134  204 285 131  
213 285 137  204 285 131  218 275 132  
174 357 137  186 358 143  185 370 144  
174 357 137  185 370 144  174 371 138  
172 400 142  168 395 136  173 379 141  
172 400 142  173 379 141  167 388 141  
169 377 144  180 381 148  167 392 149  
169 377 144  167 392 149  161 386 145  
169 377 144  166 386 142  167 388 141  
169 377 144  167 388 141  173 379 141  
182 476 161  188 462 161  188 463 167  
182 476 161  188 463 167  177 483 170  
232 340 170  220 334 164  233 314 163  
232 340 170  233 314 163  247 321 169  
248 257 105  225 259 103  223 273 98  
248 257 105  223 273 98  249 268 98  
179 358 121  178 368 117  168 368 117  
179 358 121  168 368 117  169 356 120  
169 356 120  155 349 119  167 336 124  
169 356 120  167 336 124  177 344 123  
162 325 115  159 345 109  170 336 107  
162 325 115  170 336 107  172 319 112  
148 354 112  159 345 109  162 325 115  
148 354 112  162 325 115  151 335 118  
174 304 109  172 319 112  170 336 107  
174 304 109  170 336 107  170 325 103  
174 304 109  170 325 103  177 308 98  
174 304 109  177 308 98  179 288 104  
222 381 173  209 385 167  222 360 169  
222 381 173  222 360 169  233 365 175  
209 385 167  222 381 173  214 392 173  
209 385 167  214 392 173  204 400 169  
200 411 170  201 406 169  209 397 173  
200 411 170  209 397 173  207 401 174  
200 411 170  202 413 170  201 424 167  
200 411 170  201 424 167  199 423 166  
209 385 167  203 406 163  199 397 160  
209 385 167  199 397 160  202 378 163  
199 397 160  192 389 157  197 371 158  
199 397 160  197 371 158  202 378 163  
142 413 131  143 408 134  133 415 137  
142 413 131  133 415 137  129 423 134  
148 407 136  143 408 134  159 404 132  
148 407 136  159 404 132  161 406 135  
190 433 158  192 413 158  199 422 160  
190 433 158  199 422 160  198 439 159  
201 422 178  218 404 181  217 406 183  
201 422 178  217 406 183  201 422 179  
201 406 169  199 419 165  201 413 164  
201 406 169  201 413 164  204 400 169  
228 397 183  227 396 181  229 394 180  
228 397 183  229 394 180  232 392 182  
201 432 163  202 440 161  201 440 160  
201 432 163  201 440 160  201 428 161  
194 447 170  197 450 166  199 447 165  
194 447 170  199 447 165  196 447 168  
194 447 170  196 447 168  194 438 173  
194 447 170  194 438 173  193 439 175  
201 428 161  201 413 164  199 419 165  
201 428 161  199 419 165  201 432 163  
220 394 177  218 397 176  207 401 174  
220 394 177  207 401 174  209 397 173  
209 397 173  201 406 169  204 400 169  
209 397 173  204 400 169  214 392 173  
218 397 176  218 399 176  208 403 173  
218 397 176  208 403 173  207 401 174  
200 446 162  197 450 166  194 453 166  
200 446 162  194 453 166  195 450 161  
187 447 158  182 458 157  172 447 154  
187 447 158  172 447 154  177 436 155  
166 392 142  161 386 145  153 398 143  
166 392 142  153 398 143  158 401 141  
161 386 145  167 392 149  153 405 147  
161 386 145  153 405 147  153 398 143  
289 378 194  277 404 198  258 403 195  
289 378 194  258 403 195  269 382 191  
274 363 186  293 356 187  289 378 194  
274 363 186  289 378 194  269 382 191  
290 336 181  271 347 181  261 333 176  
290 336 181  261 333 176  280 317 174  
250 277 147  273 281 155  252 297 160  
250 277 147  252 297 160  234 294 153  
252 297 160  273 281 155  292 290 163  
252 297 160  292 290 163  267 303 167  
266 262 140  250 277 147  230 280 141  
266 262 140  230 280 141  240 266 134  
218 294 147  206 298 142  213 285 137  
218 294 147  213 285 137  230 280 141  
333 288 169  305 302 172  292 290 163  
333 288 169  292 290 163  316 269 158  
201 291 134  213 285 137  206 298 142  
201 291 134  206 298 142  197 301 137  
204 285 131  201 291 134  194 299 132  
204 285 131  194 299 132  196 295 130  
193 310 129  193 306 130  189 310 131  
193 310 129  189 310 131  190 313 130  
293 356 187  290 336 181  313 322 180  
293 356 187  313 322 180  318 347 188  
380 366 198  423 379 203  425 415 214  
380 366 198  425 415 214  380 411 210  
232 382 178  224 389 177  214 392 173  
232 382 178  214 392 173  222 381 173  
224 389 177  220 394 177  209 397 173  
224 389 177  209 397 173  214 392 173  
305 302 172  313 322 180  290 336 181  
305 302 172  290 336 181  280 317 174  
165 398 131  166 403 128  159 394 125  
165 398 131  159 394 125  159 388 128  
190 365 154  188 361 149  189 345 148  
190 365 154  189 345 148  194 347 153  
186 358 143  188 361 149  187 375 149  
186 358 143  187 375 149  185 370 144  
174 357 137  176 340 136  187 344 142  
174 357 137  187 344 142  186 358 143  
176 340 136  174 357 137  159 362 131  
176 340 136  159 362 131  169 341 132  
174 371 138  161 379 132  159 362 131  
174 371 138  159 362 131  174 357 137  
166 339 130  170 332 127  181 324 128  
166 339 130  181 324 128  177 326 130  
170 332 127  177 332 125  187 324 127  
170 332 127  187 324 127  181 324 128  
187 324 127  177 332 125  184 341 127  
187 324 127  184 341 127  193 331 128  
166 339 130  177 326 130  176 326 132  
166 339 130  176 326 132  169 341 132  
143 407 140  151 404 139  158 401 141  
143 407 140  158 401 141  153 398 143  
159 417 149  172 407 150  172 421 151  
159 417 149  172 421 151  166 431 150  
188 462 161  182 458 157  187 447 158  
188 462 161  187 447 158  195 450 161  
182 476 161  177 467 156  182 458 157  
182 476 161  182 458 157  188 462 161  
178 486 159  173 474 155  177 467 156  
178 486 159  177 467 156  182 476 161  
176 494 157  171 481 153  173 474 155  
176 494 157  173 474 155  178 486 159  
473 660 223  403 662 223  407 635 229  
473 660 223  407 635 229  473 632 229  
279 605 218  339 625 225  334 650 219  
279 605 218  334 650 219  273 628 212  
232 580 209  244 553 214  291 576 224  
232 580 209  291 576 224  279 605 218  
539 427 217  478 418 217  476 375 202  
539 427 217  476 375 202  540 384 203  
194 293 127  188 292 124  196 278 122  
194 293 127  196 278 122  202 281 126  
151 335 118  155 349 119  152 363 115  
151 335 118  152 363 115  148 354 112  
228 397 178  226 397 178  228 397 178  
228 397 178  228 397 178  232 398 179  
351 206 99  344 227 108  316 237 93  
351 206 99  316 237 93  325 218 86  
434 220 133  427 196 122  476 205 129  
434 220 133  476 205 129  482 228 137  
567 285 126  566 263 121  574 296 111  
567 285 126  574 296 111  579 316 116  
384 226 124  380 197 113  427 196 122  
384 226 124  427 196 122  434 220 133  
384 226 124  358 237 128  316 242 114  
384 226 124  316 242 114  344 227 108  
579 316 116  574 296 111  575 321 102  
579 316 116  575 321 102  579 341 108  
474 599 234  518 580 234  532 614 228  
474 599 234  532 614 228  473 632 229  
543 300 149  537 273 141  571 307 132  
543 300 149  571 307 132  578 330 140  
594 614 214  585 579 223  623 534 214  
594 614 214  623 534 214  638 571 203  
595 350 148  622 370 158  577 343 169  
595 350 148  577 343 169  555 325 157  
578 330 140  595 350 148  555 325 157  
578 330 140  555 325 157  543 300 149  
604 405 198  596 368 182  641 399 171  
604 405 198  641 399 171  648 439 187  
602 450 212  643 486 202  623 534 214  
602 450 212  623 534 214  587 498 224  
571 307 132  567 285 126  579 316 116  
571 307 132  579 316 116  585 339 123  
643 486 202  648 439 187  665 477 174  
643 486 202  665 477 174  659 524 190  
566 263 121  567 285 126  535 247 137  
566 263 121  535 247 137  533 223 134  
211 356 164  220 334 164  232 340 170  
211 356 164  232 340 170  222 360 169  
271 347 181  274 363 186  258 370 185  
271 347 181  258 370 185  254 359 180  
285 439 207  322 447 214  294 486 219  
285 439 207  294 486 219  257 470 210  
285 439 207  306 407 202  341 409 206  
285 439 207  341 409 206  322 447 214  
506 525 235  484 567 236  431 564 236  
506 525 235  431 564 236  451 518 235  
557 544 231  585 579 223  532 614 228  
557 544 231  532 614 228  518 580 234  
197 371 158  202 350 159  211 356 164  
197 371 158  211 356 164  202 378 163  
188 361 149  186 358 143  187 344 142  
188 361 149  187 344 142  189 345 148  
202 350 159  194 347 153  199 329 152  
202 350 159  199 329 152  206 330 158  
189 345 148  192 329 146  199 329 152  
189 345 148  199 329 152  194 347 153  
187 344 142  176 340 136  181 327 135  
187 344 142  181 327 135  188 329 141  
169 341 132  176 326 132  181 327 135  
169 341 132  181 327 135  176 340 136  
165 398 131  159 404 132  160 409 130  
165 398 131  160 409 130  166 403 128  
169 377 144  173 379 141  184 376 146  
169 377 144  184 376 146  180 381 148  
422 315 183  411 312 187  401 312 184  
422 315 183  401 312 184  414 311 178  
398 334 192  401 312 184  411 312 187  
398 334 192  411 312 187  406 325 193  
417 350 200  398 334 192  406 325 193  
417 350 200  406 325 193  420 338 201  
451 349 203  417 350 200  420 338 201  
451 349 203  420 338 201  449 338 204  
474 341 200  451 349 203  449 338 204  
474 341 200  449 338 204  468 330 201  
487 320 194  474 341 200  468 330 201  
487 320 194  468 330 201  477 312 196  
483 295 182  487 320 194  477 312 196  
483 295 182  477 312 196  476 289 186  
437 264 169  461 278 173  454 272 176  
437 264 169  454 272 176  432 264 172  
413 257 165  437 264 169  432 264 172  
413 257 165  432 264 172  409 255 169  
425 341 198  420 338 201  406 325 193  
425 341 198  406 325 193  416 333 191  
447 341 200  449 338 204  420 338 201  
447 341 200  420 338 201  425 341 198  
463 335 199  468 330 201  449 338 204  
463 335 199  449 338 204  447 341 200  
470 320 195  477 312 196  468 330 201  
470 320 195  468 330 201  463 335 199  
477 312 196  470 320 195  472 296 185  
477 312 196  472 296 185  476 289 186  
454 272 176  447 277 176  426 269 173  
454 272 176  426 269 173  432 264 172  
404 267 172  409 255 169  432 264 172  
404 267 172  432 264 172  426 269 173  
390 276 171  392 265 167  409 255 169  
390 276 171  409 255 169  404 267 172  
424 294 176  414 311 178  408 298 174  
424 294 176  408 298 174  411 291 172  
383 322 185  401 312 184  398 334 192  
383 322 185  398 334 192  391 345 193  
398 334 192  417 350 200  417 359 197  
398 334 192  417 359 197  391 345 193  
457 355 198  417 359 197  417 350 200  
457 355 198  417 350 200  451 349 203  
478 337 189  457 355 198  474 341 200  
478 337 189  474 341 200  487 320 194  
478 337 189  487 320 194  483 295 182  
478 337 189  483 295 182  476 313 178  
461 278 173  437 264 169  435 278 165  
461 278 173  435 278 165  459 293 170  
413 257 165  410 271 163  435 278 165  
413 257 165  435 278 165  437 264 169  
413 257 165  392 265 167  388 275 165  
413 257 165  388 275 165  410 271 163  
390 276 171  381 283 170  388 275 165  
390 276 171  388 275 165  392 265 167  
406 325 193  411 312 187  422 315 183  
406 325 193  422 315 183  416 333 191  
424 294 176  421 280 176  440 287 178  
424 294 176  440 287 178  434 302 182  
424 294 176  411 291 172  405 279 173  
424 294 176  405 279 173  421 280 176  
405 279 173  411 291 172  408 298 174  
405 279 173  408 298 174  398 286 177  
408 298 174  414 311 178  401 312 184  
408 298 174  401 312 184  398 286 177  
447 341 200  440 320 193  470 320 195  
447 341 200  470 320 195  463 335 199  
440 320 193  458 294 184  472 296 185  
440 320 193  472 296 185  470 320 195  
447 277 176  454 272 176  476 289 186  
447 277 176  476 289 186  472 296 185  
476 289 186  454 272 176  461 278 173  
476 289 186  461 278 173  483 295 182  
459 293 170  476 313 178  483 295 182  
459 293 170  483 295 182  461 278 173  
440 320 193  447 341 200  425 341 198  
440 320 193  425 341 198  416 333 191  
440 287 178  447 277 176  472 296 185  
440 287 178  472 296 185  458 294 184  
414 311 178  424 294 176  434 302 182  
414 311 178  434 302 182  422 315 183  
390 276 171  404 267 172  405 279 173  
390 276 171  405 279 173  398 286 177  
440 287 178  421 280 176  426 269 173  
440 287 178  426 269 173  447 277 176  
401 312 184  383 322 185  381 299 177  
401 312 184  381 299 177  398 286 177  
381 299 177  381 283 170  390 276 171  
381 299 177  390 276 171  398 286 177  
487 321 177  476 313 178  459 293 170  
487 321 177  459 293 170  467 292 166  
487 321 177  491 347 189  478 337 189  
487 321 177  478 337 189  476 313 178  
435 278 165  426 263 155  456 267 155  
435 278 165  456 267 155  467 292 166  
435 278 165  410 271 163  405 262 154  
435 278 165  405 262 154  426 263 155  
491 347 189  476 375 202  457 355 198  
491 347 189  457 355 198  478 337 189  
533 353 188  540 384 203  476 375 202  
533 353 188  476 375 202  491 347 189  
497 281 154  507 306 163  467 292 166  
497 281 154  467 292 166  456 267 155  
507 306 163  521 330 175  487 321 177  
507 306 163  487 321 177  467 292 166  
383 322 185  366 329 187  364 304 177  
383 322 185  364 304 177  381 299 177  
381 283 170  363 277 166  386 262 158  
381 283 170  386 262 158  388 275 165  
405 279 173  404 267 172  426 269 173  
405 279 173  426 269 173  421 280 176  
380 366 198  391 345 193  417 359 197  
380 366 198  417 359 197  423 379 203  
388 275 165  386 262 158  405 262 154  
388 275 165  405 262 154  410 271 163  
249 284 90  275 284 90  278 263 100  
249 284 90  278 263 100  249 268 98  
188 462 161  195 450 161  194 453 166  
188 462 161  194 453 166  188 463 167  
258 370 185  246 378 182  243 369 179  
258 370 185  243 369 179  254 359 180  
366 329 187  344 337 188  340 310 179  
366 329 187  340 310 179  364 304 177  
274 363 186  271 347 181  290 336 181  
274 363 186  290 336 181  293 356 187  
318 347 188  313 322 180  340 310 179  
318 347 188  340 310 179  344 337 188  
246 378 182  237 385 181  232 382 178  
246 378 182  232 382 178  243 369 179  
363 277 166  381 283 170  381 299 177  
363 277 166  381 299 177  364 304 177  
143 407 140  148 407 136  152 408 137  
143 407 140  152 408 137  151 404 139  
176 326 132  184 317 132  186 315 135  
176 326 132  186 315 135  181 327 135  
190 305 133  186 315 135  184 317 132  
190 305 133  184 317 132  189 310 131  
196 295 130  194 299 132  193 306 130  
196 295 130  193 306 130  194 304 129  
211 356 164  222 360 169  209 385 167  
211 356 164  209 385 167  202 378 163  
384 226 124  344 227 108  351 206 99  
384 226 124  351 206 99  380 197 113  
596 368 182  604 405 198  540 384 203  
596 368 182  540 384 203  533 353 188  
662 467 149  658 435 159  640 403 147  
662 467 149  640 403 147  644 433 138  
658 435 159  665 477 174  648 439 187  
658 435 159  648 439 187  641 399 171  
596 368 182  577 343 169  622 370 158  
596 368 182  622 370 158  641 399 171  
487 321 177  521 330 175  533 353 188  
487 321 177  533 353 188  491 347 189  
383 322 185  391 345 193  380 366 198  
383 322 185  380 366 198  366 329 187  
339 625 225  351 594 231  416 602 233  
339 625 225  416 602 233  407 635 229  
395 511 231  416 461 224  470 466 228  
395 511 231  470 466 228  451 518 235  
371 556 233  395 511 231  451 518 235  
371 556 233  451 518 235  431 564 236  
333 671 214  334 650 219  403 662 223  
333 671 214  403 662 223  402 682 217  
476 375 202  423 379 203  417 359 197  
476 375 202  417 359 197  457 355 198  
177 483 170  175 500 165  178 486 159  
177 483 170  178 486 159  182 476 161  
174 509 162  176 494 157  178 486 159  
174 509 162  178 486 159  175 500 165  
185 353 119  190 340 121  206 322 118  
185 353 119  206 322 118  197 351 112  
213 310 124  206 322 118  198 328 124  
213 310 124  198 328 124  204 320 126  
216 314 129  213 310 124  204 320 126  
216 314 129  204 320 126  209 316 128  
211 317 130  216 314 129  209 316 128  
211 317 130  209 316 128  209 316 129  
209 342 132  249 383 134  255 330 128  
209 342 132  255 330 128  227 323 130  
212 324 132  227 323 130  216 314 129  
212 324 132  216 314 129  211 317 130  
213 310 124  235 312 125  251 317 114  
213 310 124  251 317 114  206 322 118  
226 398 179  218 403 179  219 410 181  
226 398 179  219 410 181  230 400 181  
203 427 178  219 410 181  218 403 179  
203 427 178  218 403 179  201 420 176  
217 440 163  220 447 163  212 443 163  
217 440 163  212 443 163  211 441 162  
217 440 163  211 441 162  207 434 164  
217 440 163  207 434 164  213 427 164  
221 398 176  231 402 176  217 411 169  
221 398 176  217 411 169  210 402 172  
201 439 173  197 434 172  202 444 167  
201 439 173  202 444 167  207 448 168  
202 413 170  208 403 173  210 402 172  
202 413 170  210 402 172  205 412 169  
202 413 170  205 412 169  204 424 166  
202 413 170  204 424 166  201 424 167  
231 402 176  228 397 178  232 398 179  
231 402 176  232 398 179  235 407 179  
218 399 176  226 397 178  228 397 178  
218 399 176  228 397 178  221 398 176  
235 407 179  230 400 181  219 410 181  
235 407 179  219 410 181  226 423 180  
226 423 180  219 410 181  203 427 178  
226 423 180  203 427 178  214 439 176  
209 445 163  211 449 164  207 448 168  
209 445 163  207 448 168  202 444 167  
207 448 168  217 449 169  214 439 176  
207 448 168  214 439 176  201 439 173  
204 424 166  205 412 169  217 411 169  
204 424 166  217 411 169  213 427 164  
211 449 164  218 449 166  217 449 169  
211 449 164  217 449 169  207 448 168  
212 446 163  212 443 163  220 447 163  
212 446 163  220 447 163  218 449 166  
247 251 125  229 252 115  243 247 110  
247 251 125  243 247 110  267 242 117  
198 275 99  179 288 104  177 308 98  
198 275 99  177 308 98  199 297 94  
275 284 90  283 271 86  300 252 98  
275 284 90  300 252 98  278 263 100  
267 242 117  243 247 110  248 257 105  
267 242 117  248 257 105  277 252 109  
388 244 142  405 262 154  386 262 158  
388 244 142  386 262 158  370 239 146  
440 287 178  458 294 184  440 320 193  
440 287 178  440 320 193  434 302 182  
166 392 142  158 401 141  162 411 139  
166 392 142  162 411 139  172 400 142  
167 388 141  166 386 142  166 392 142  
167 388 141  166 392 142  172 400 142  
200 365 130  197 384 122  250 405 129  
200 365 130  250 405 129  249 383 134  
206 322 118  251 317 114  248 341 109  
206 322 118  248 341 109  197 351 112  
251 317 114  291 356 123  291 371 118  
251 317 114  291 371 118  248 341 109  
249 383 134  250 405 129  291 371 118  
249 383 134  291 371 118  291 356 123  
533 177 131  541 154 130  590 185 111  
533 177 131  590 185 111  578 214 114  
328 170 67  337 148 78  348 181 88  
328 170 67  348 181 88  329 196 77  
472 180 121  421 164 113  414 119 105  
472 180 121  414 119 105  473 149 116  
437 87 109  478 117 119  473 149 116  
437 87 109  473 149 116  414 119 105  
317 139 57  298 116 54  302 99 67  
317 139 57  302 99 67  321 120 69  
541 154 130  478 117 119  487 77 124  
541 154 130  487 77 124  553 115 130  
382 80 94  360 49 95  403 35 105  
382 80 94  403 35 105  408 65 102  
321 120 69  302 99 67  326 72 80  
321 120 69  326 72 80  353 94 79  
326 72 80  360 49 95  382 80 94  
326 72 80  382 80 94  353 94 79  
610 145 110  623 183 87  599 222 94  
610 145 110  599 222 94  590 185 111  
599 222 94  601 260 83  586 284 90  
599 222 94  586 284 90  583 251 100  
622 230 73  601 260 83  599 222 94  
622 230 73  599 222 94  623 183 87  
541 154 130  553 115 130  610 145 110  
541 154 130  610 145 110  590 185 111  
473 149 116  478 117 119  541 154 130  
473 149 116  541 154 130  533 177 131  
414 119 105  382 80 94  408 65 102  
414 119 105  408 65 102  437 87 109  
403 35 105  446 48 113  437 87 109  
403 35 105  437 87 109  408 65 102  
487 77 124  478 117 119  437 87 109  
487 77 124  437 87 109  446 48 113  
569 241 118  574 275 106  574 296 111  
569 241 118  574 296 111  566 263 121  
368 128 90  414 119 105  421 164 113  
368 128 90  421 164 113  373 164 102  
368 128 90  373 164 102  348 181 88  
368 128 90  348 181 88  337 148 78  
575 303 96  575 321 102  574 296 111  
575 303 96  574 296 111  574 275 106  
328 170 67  317 139 57  321 120 69  
328 170 67  321 120 69  337 148 78  
353 94 79  382 80 94  414 119 105  
353 94 79  414 119 105  368 128 90  
368 128 90  337 148 78  321 120 69  
368 128 90  321 120 69  353 94 79  
328 152 48  317 139 57  328 170 67  
328 152 48  328 170 67  329 188 60  
472 180 121  473 149 116  533 177 131  
472 180 121  533 177 131  530 201 132  
298 116 54  317 139 57  328 152 48  
298 116 54  328 152 48  306 134 42  
472 180 121  530 201 132  533 223 134  
472 180 121  533 223 134  476 205 129  
317 215 68  329 196 77  325 218 86  
317 215 68  325 218 86  305 235 75  
590 185 111  599 222 94  583 251 100  
590 185 111  583 251 100  578 214 114  
530 201 132  569 241 118  566 263 121  
530 201 132  566 263 121  533 223 134  
329 196 77  348 181 88  351 206 99  
329 196 77  351 206 99  325 218 86  
476 205 129  427 196 122  421 164 113  
476 205 129  421 164 113  472 180 121  
578 214 114  583 251 100  574 275 106  
578 214 114  574 275 106  569 241 118  
373 164 102  421 164 113  427 196 122  
373 164 102  427 196 122  380 197 113  
348 181 88  373 164 102  380 197 113  
348 181 88  380 197 113  351 206 99  
586 284 90  575 303 96  574 275 106  
586 284 90  574 275 106  583 251 100  
329 188 60  328 170 67  329 196 77  
329 188 60  329 196 77  317 215 68  
533 177 131  578 214 114  569 241 118  
533 177 131  569 241 118  530 201 132  
649 192 61  622 230 73  623 183 87  
649 192 61  623 183 87  653 139 80  
566 66 131  553 115 130  487 77 124  
566 66 131  487 77 124  497 34 130  
553 115 130  566 66 131  626 96 107  
553 115 130  626 96 107  610 145 110  
289 63 64  302 99 67  298 116 54  
289 63 64  298 116 54  277 91 50  
348 16 97  360 49 95  326 72 80  
348 16 97  326 72 80  311 39 81  
487 77 124  446 48 113  443 11 121  
487 77 124  443 11 121  497 34 130  
392 4 111  403 35 105  360 49 95  
392 4 111  360 49 95  348 16 97  
626 96 107  653 139 80  623 183 87  
626 96 107  623 183 87  610 145 110  
277 91 50  298 116 54  306 134 42  
277 91 50  306 134 42  285 117 37  
302 99 67  289 63 64  311 39 81  
302 99 67  311 39 81  326 72 80  
392 4 111  443 11 121  446 48 113  
392 4 111  446 48 113  403 35 105  
218 403 179  217 402 179  200 421 177  
218 403 179  200 421 177  201 420 176  
194 314 128  193 309 129  193 310 129  
194 314 128  193 310 129  195 314 129  
226 398 179  228 397 178  227 395 179  
226 398 179  227 395 179  225 397 179  
216 314 129  227 323 130  235 312 125  
216 314 129  235 312 125  213 310 124  
218 403 179  226 398 179  225 397 179  
218 403 179  225 397 179  217 402 179  
199 317 128  194 314 128  195 314 129  
199 317 128  195 314 129  200 316 129  
194 321 128  198 318 129  193 315 129  
194 321 128  193 315 129  189 318 129  
204 396 102  209 403 101  204 403 102  
204 396 102  204 403 102  200 399 103  
200 407 116  197 384 122  178 381 115  
200 407 116  178 381 115  179 391 112  
185 374 112  190 382 108  184 388 110  
185 374 112  184 388 110  179 380 114  
198 389 104  193 394 106  184 388 110  
198 389 104  184 388 110  190 382 108  
198 389 104  204 396 102  200 399 103  
198 389 104  200 399 103  193 394 106  
205 409 102  206 408 101  211 410 101  
205 409 102  211 410 101  212 413 103  
209 406 100  205 405 101  204 403 102  
209 406 100  204 403 102  209 403 101  
211 410 101  206 408 101  205 405 101  
211 410 101  205 405 101  209 406 100  
205 409 102  212 413 103  209 416 109  
205 409 102  209 416 109  200 406 103  
185 374 112  179 380 114  178 368 117  
185 374 112  178 368 117  184 364 116  
200 407 116  184 398 108  193 402 105  
200 407 116  193 402 105  209 416 109  
267 367 77  247 392 80  283 418 78  
267 367 77  283 418 78  300 392 75  
220 492 99  235 482 93  219 461 94  
220 492 99  219 461 94  208 473 99  
537 444 87  489 455 80  497 482 89  
537 444 87  497 482 89  543 467 95  
347 618 118  380 620 116  366 586 104  
347 618 118  366 586 104  344 590 107  
316 357 77  344 339 72  316 294 75  
316 357 77  316 294 75  300 310 80  
243 347 78  227 337 80  214 345 81  
243 347 78  214 345 81  229 363 80  
300 310 80  278 314 84  277 341 80  
300 310 80  277 341 80  316 357 77  
316 357 77  277 341 80  267 367 77  
316 357 77  267 367 77  300 392 75  
416 705 147  425 672 132  380 661 131  
416 705 147  380 661 131  367 690 145  
258 614 128  240 620 135  257 632 137  
258 614 128  257 632 137  277 624 128  
217 575 129  216 583 130  228 582 126  
217 575 129  228 582 126  228 575 126  
228 607 133  240 620 135  258 614 128  
228 607 133  258 614 128  244 603 127  
219 571 128  227 570 126  225 563 126  
219 571 128  225 563 126  217 563 128  
322 671 142  367 690 145  380 661 131  
322 671 142  380 661 131  341 648 130  
228 607 133  244 603 127  233 592 126  
228 607 133  233 592 126  220 594 131  
213 625 154  202 604 148  185 583 155  
213 625 154  185 583 155  195 608 161  
185 583 155  202 604 148  193 587 144  
185 583 155  193 587 144  181 562 149  
213 625 154  195 608 161  210 641 169  
213 625 154  210 641 169  231 656 160  
194 545 139  195 541 138  199 525 141  
194 545 139  199 525 141  196 529 142  
202 525 141  199 525 141  195 541 138  
202 525 141  195 541 138  197 540 138  
181 562 149  193 587 144  193 570 142  
181 562 149  193 570 142  188 548 145  
193 557 140  193 549 139  194 533 142  
193 557 140  194 533 142  191 539 143  
162 439 131  152 433 130  151 438 129  
162 439 131  151 438 129  158 446 127  
313 567 102  340 563 98  333 530 92  
313 567 102  333 530 92  305 541 96  
251 462 88  273 488 89  292 468 82  
251 462 88  292 468 82  266 439 83  
188 412 98  190 420 97  194 415 95  
188 412 98  194 415 95  192 409 97  
273 488 89  292 513 92  316 496 86  
273 488 89  316 496 86  292 468 82  
219 461 94  206 445 95  198 455 99  
219 461 94  198 455 99  208 473 99  
206 408 101  205 409 102  198 405 101  
206 408 101  198 405 101  200 406 100  
194 403 102  198 405 101  205 409 102  
194 403 102  205 409 102  200 406 103  
183 414 100  188 412 98  190 408 99  
183 414 100  190 408 99  185 409 101  
196 432 96  201 423 92  194 415 95  
196 432 96  194 415 95  190 420 97  
243 563 118  256 566 114  246 551 111  
243 563 118  246 551 111  233 549 116  
220 516 106  233 513 100  220 492 99  
220 516 106  220 492 99  208 497 105  
220 492 99  233 513 100  252 504 94  
220 492 99  252 504 94  235 482 93  
184 396 96  176 387 97  176 395 100  
184 396 96  176 395 100  185 400 99  
189 443 104  192 439 100  185 425 100  
189 443 104  185 425 100  180 427 104  
193 400 93  195 408 94  203 411 90  
193 400 93  203 411 90  202 398 89  
190 420 97  185 425 100  192 439 100  
190 420 97  192 439 100  196 432 96  
176 395 100  179 398 103  187 401 101  
176 395 100  187 401 101  185 400 99  
177 476 130  181 472 126  172 470 129  
177 476 130  172 470 129  172 476 134  
177 486 139  172 476 134  166 473 137  
177 486 139  166 473 137  172 484 142  
189 495 138  180 486 134  177 486 139  
189 495 138  177 486 139  187 496 142  
543 467 95  497 482 89  507 513 98  
543 467 95  507 513 98  555 495 103  
218 414 87  240 420 85  247 392 80  
218 414 87  247 392 80  219 394 85  
266 439 83  292 468 82  314 446 76  
266 439 83  314 446 76  283 418 78  
316 496 86  333 530 92  363 520 88  
316 496 86  363 520 88  343 480 79  
364 558 97  363 520 88  333 530 92  
364 558 97  333 530 92  340 563 98  
232 655 185  226 637 191  273 667 200  
232 655 185  273 667 200  279 686 193  
265 686 166  311 714 173  340 710 159  
265 686 166  340 710 159  294 686 155  
416 705 147  367 690 145  340 710 159  
416 705 147  340 710 159  395 727 163  
185 583 155  177 561 161  186 590 168  
185 583 155  186 590 168  195 608 161  
187 496 142  195 506 143  198 501 140  
187 496 142  198 501 140  189 495 138  
165 481 145  172 484 142  166 473 137  
165 481 145  166 473 137  158 469 140  
186 590 168  182 574 173  196 606 182  
186 590 168  196 606 182  199 623 176  
176 530 169  175 544 165  175 520 159  
176 530 169  175 520 159  174 509 162  
182 559 178  182 574 173  175 544 165  
182 559 178  175 544 165  176 530 169  
220 617 142  211 603 139  193 587 144  
220 617 142  193 587 144  202 604 148  
240 620 135  228 607 133  211 603 139  
240 620 135  211 603 139  220 617 142  
203 511 129  198 503 126  192 496 131  
203 511 129  192 496 131  200 502 134  
174 443 120  174 435 118  160 417 120  
174 443 120  160 417 120  168 429 126  
184 458 120  185 454 118  174 435 118  
184 458 120  174 435 118  174 443 120  
150 398 121  158 404 123  160 417 120  
150 398 121  160 417 120  159 412 115  
185 488 128  191 493 124  186 481 121  
185 488 128  186 481 121  182 479 126  
150 398 121  152 387 123  159 394 125  
150 398 121  159 394 125  158 404 123  
186 468 119  185 454 118  184 458 120  
186 468 119  184 458 120  185 469 123  
186 481 121  186 468 119  185 469 123  
186 481 121  185 469 123  182 479 126  
202 507 140  202 509 141  206 510 141  
202 507 140  206 510 141  207 509 140  
226 637 191  232 655 185  199 623 176  
226 637 191  199 623 176  196 606 182  
291 703 183  279 686 193  339 708 199  
291 703 183  339 708 199  351 724 189  
473 719 201  474 735 191  416 733 192  
473 719 201  416 733 192  407 718 202  
407 718 202  339 708 199  334 689 207  
407 718 202  334 689 207  403 700 211  
178 533 154  177 561 161  185 583 155  
178 533 154  185 583 155  181 562 149  
177 561 161  178 533 154  175 520 159  
177 561 161  175 520 159  175 544 165  
188 548 145  191 539 143  194 522 144  
188 548 145  194 522 144  189 526 147  
185 409 101  176 410 103  176 417 104  
185 409 101  176 417 104  183 414 100  
153 463 128  152 452 126  143 440 129  
153 463 128  143 440 129  141 454 132  
172 446 127  168 429 126  162 426 129  
172 446 127  162 426 129  162 439 131  
154 406 113  156 396 110  148 384 115  
154 406 113  148 384 115  145 394 119  
156 396 110  168 389 108  162 377 113  
156 396 110  162 377 113  148 384 115  
168 389 108  179 391 112  178 381 115  
168 389 108  178 381 115  162 377 113  
160 417 120  158 404 123  165 411 127  
160 417 120  165 411 127  168 429 126  
148 384 115  149 373 118  145 383 122  
148 384 115  145 383 122  145 394 119  
178 372 118  162 367 116  162 377 113  
178 372 118  162 377 113  178 381 115  
143 440 129  133 433 132  133 445 135  
143 440 129  133 445 135  141 454 132  
148 462 135  140 455 138  151 464 142  
148 462 135  151 464 142  158 469 140  
165 481 145  158 469 140  151 464 142  
165 481 145  151 464 142  160 476 147  
165 481 145  160 476 147  172 487 151  
165 481 145  172 487 151  176 492 148  
129 423 134  130 435 138  133 445 135  
129 423 134  133 445 135  133 433 132  
130 435 138  137 445 141  140 455 138  
130 435 138  140 455 138  133 445 135  
322 671 142  294 686 155  340 710 159  
322 671 142  340 710 159  367 690 145  
242 585 123  254 594 122  258 581 117  
242 585 123  258 581 117  246 574 120  
254 594 122  242 585 123  233 592 126  
254 594 122  233 592 126  244 603 127  
306 635 129  341 648 130  347 618 118  
306 635 129  347 618 118  317 614 119  
258 581 117  254 594 122  269 602 121  
258 581 117  269 602 121  274 586 115  
233 573 124  236 577 124  237 569 122  
233 573 124  237 569 122  231 566 124  
344 590 107  318 590 110  317 614 119  
344 590 107  317 614 119  347 618 118  
317 614 119  318 590 110  293 589 113  
317 614 119  293 589 113  289 609 120  
283 271 86  300 310 80  316 294 75  
283 271 86  316 294 75  293 253 80  
210 374 84  199 357 86  189 367 90  
210 374 84  189 367 90  195 384 88  
175 362 97  181 353 92  174 342 97  
175 362 97  174 342 97  172 351 101  
194 404 100  192 403 100  197 403 101  
194 404 100  197 403 101  199 404 101  
198 405 101  192 406 100  195 405 100  
198 405 101  195 405 100  200 406 100  
179 398 103  166 391 106  176 389 109  
179 398 103  176 389 109  186 395 106  
199 478 105  208 497 105  220 492 99  
199 478 105  220 492 99  208 473 99  
201 498 112  211 515 113  220 516 106  
201 498 112  220 516 106  208 497 105  
188 467 115  186 468 119  186 481 121  
188 467 115  186 481 121  190 483 116  
198 455 99  192 439 100  189 443 104  
198 455 99  189 443 104  192 460 105  
233 535 108  221 532 115  233 549 116  
233 535 108  233 549 116  246 551 111  
232 560 121  243 563 118  233 549 116  
232 560 121  233 549 116  222 546 121  
370 458 76  388 445 78  358 403 75  
370 458 76  358 403 75  337 423 74  
258 614 128  269 602 121  254 594 122  
258 614 128  254 594 122  244 603 127  
271 569 110  262 551 106  246 551 111  
271 569 110  246 551 111  256 566 114  
242 585 123  246 574 120  237 569 122  
242 585 123  237 569 122  236 577 124  
664 558 178  660 596 167  638 638 182  
664 558 178  638 638 182  642 604 192  
232 655 185  245 672 176  210 641 169  
232 655 185  210 641 169  199 623 176  
291 703 183  311 714 173  265 686 166  
291 703 183  265 686 166  245 672 176  
179 398 103  186 395 106  193 400 103  
179 398 103  193 400 103  187 401 101  
194 403 102  200 406 103  193 402 105  
194 403 102  193 402 105  187 399 103  
197 312 87  178 326 91  187 342 88  
197 312 87  187 342 88  203 329 83  
300 392 75  283 418 78  314 446 76  
300 392 75  314 446 76  337 423 74  
230 443 89  219 461 94  235 482 93  
230 443 89  235 482 93  251 462 88  
267 526 96  252 504 94  233 513 100  
267 526 96  233 513 100  247 533 102  
403 700 211  402 682 217  472 682 217  
403 700 211  472 682 217  473 701 210  
535 693 206  532 714 195  473 719 201  
535 693 206  473 719 201  473 701 210  
203 515 139  205 516 139  201 524 135  
203 515 139  201 524 135  199 523 134  
202 516 131  203 511 129  200 502 134  
202 516 131  200 502 134  202 507 136  
292 468 82  316 496 86  343 480 79  
292 468 82  343 480 79  314 446 76  
231 656 160  257 661 150  233 634 146  
231 656 160  233 634 146  213 625 154  
193 557 140  201 573 135  201 565 134  
193 557 140  201 565 134  193 549 139  
199 509 142  201 504 140  198 501 140  
199 509 142  198 501 140  195 506 143  
196 529 142  199 525 141  204 515 141  
196 529 142  204 515 141  199 518 142  
203 515 139  199 523 134  199 520 133  
203 515 139  199 520 133  201 511 137  
205 516 139  203 515 139  207 509 140  
205 516 139  207 509 140  209 511 141  
184 458 120  180 466 121  181 472 126  
184 458 120  181 472 126  185 469 123  
176 387 97  181 377 93  175 362 97  
176 387 97  175 362 97  168 375 99  
199 357 86  210 374 84  229 363 80  
199 357 86  229 363 80  214 345 81  
240 420 85  218 414 87  214 431 91  
240 420 85  214 431 91  230 443 89  
189 464 110  192 460 105  189 443 104  
189 464 110  189 443 104  186 447 109  
192 460 105  199 478 105  208 473 99  
192 460 105  208 473 99  198 455 99  
193 406 96  190 401 96  190 402 98  
193 406 96  190 402 98  193 405 98  
205 405 101  199 404 101  197 403 101  
205 405 101  197 403 101  204 403 102  
199 404 101  205 405 101  206 408 101  
199 404 101  206 408 101  200 406 100  
176 410 103  185 409 101  188 405 101  
176 410 103  188 405 101  181 403 103  
316 357 77  300 392 75  337 423 74  
316 357 77  337 423 74  358 403 75  
343 480 79  363 520 88  386 497 83  
343 480 79  386 497 83  370 458 76  
148 428 129  143 421 130  133 433 132  
148 428 129  133 433 132  143 440 129  
140 455 138  137 445 141  148 457 145  
140 455 138  148 457 145  151 464 142  
578 438 105  595 410 115  585 386 108  
578 438 105  585 386 108  571 415 98  
201 554 134  197 540 138  195 541 138  
201 554 134  195 541 138  200 555 134  
195 541 138  194 545 139  201 561 134  
195 541 138  201 561 134  200 555 134  
204 515 141  199 525 141  202 525 141  
204 515 141  202 525 141  209 513 142  
219 394 85  202 398 89  203 411 90  
219 394 85  203 411 90  218 414 87  
181 377 93  176 387 97  184 396 96  
181 377 93  184 396 96  187 391 92  
177 476 130  182 479 126  185 469 123  
177 476 130  185 469 123  181 472 126  
277 624 128  306 635 129  317 614 119  
277 624 128  317 614 119  289 609 120  
160 476 147  151 464 142  148 457 145  
160 476 147  148 457 145  158 470 149  
172 487 151  160 476 147  158 470 149  
172 487 151  158 470 149  171 481 153  
194 403 102  187 399 103  181 403 103  
194 403 102  181 403 103  188 405 101  
164 387 102  176 395 100  176 387 97  
164 387 102  176 387 97  168 375 99  
152 374 105  164 387 102  168 375 99  
152 374 105  168 375 99  161 363 103  
166 473 137  159 468 133  148 462 135  
166 473 137  148 462 135  158 469 140  
172 351 101  161 363 103  168 375 99  
172 351 101  168 375 99  175 362 97  
165 449 124  160 456 122  170 454 120  
165 449 124  170 454 120  165 447 122  
167 468 124  172 470 129  181 472 126  
167 468 124  181 472 126  180 466 121  
159 468 133  172 470 129  167 468 124  
159 468 133  167 468 124  153 463 128  
148 462 135  159 468 133  153 463 128  
148 462 135  153 463 128  141 454 132  
193 587 144  211 603 139  205 587 137  
193 587 144  205 587 137  193 570 142  
192 409 97  193 406 96  193 405 98  
192 409 97  193 405 98  192 407 98  
164 387 102  166 391 106  179 398 103  
164 387 102  179 398 103  176 395 100  
169 379 113  155 379 110  152 363 115  
169 379 113  152 363 115  168 368 117  
155 379 110  166 391 106  164 387 102  
155 379 110  164 387 102  152 374 105  
193 394 106  200 399 103  193 400 103  
193 394 106  193 400 103  186 395 106  
193 394 106  186 395 106  176 389 109  
193 394 106  176 389 109  184 388 110  
184 388 110  176 389 109  169 379 113  
184 388 110  169 379 113  179 380 114  
158 415 128  162 426 129  168 429 126  
158 415 128  168 429 126  165 411 127  
143 421 130  158 415 128  160 409 130  
143 421 130  160 409 130  142 413 131  
152 433 130  162 439 131  162 426 129  
152 433 130  162 426 129  148 428 129  
148 462 135  141 454 132  133 445 135  
148 462 135  133 445 135  140 455 138  
194 404 100  193 405 98  190 402 98  
194 404 100  190 402 98  192 403 100  
199 520 133  199 523 134  200 535 130  
199 520 133  200 535 130  201 533 129  
227 562 125  225 563 126  227 570 126  
227 562 125  227 570 126  229 567 125  
225 560 126  225 559 126  228 561 126  
225 560 126  228 561 126  227 562 125  
223 309 86  222 291 92  199 297 94  
223 309 86  199 297 94  197 312 87  
203 329 83  214 345 81  227 337 80  
203 329 83  227 337 80  225 324 82  
556 725 173  587 704 159  527 717 152  
556 725 173  527 717 152  506 738 167  
556 725 173  506 738 167  484 741 180  
556 725 173  484 741 180  518 733 185  
527 717 152  470 716 148  451 737 165  
527 717 152  451 737 165  506 738 167  
474 735 191  484 741 180  431 741 180  
474 735 191  431 741 180  416 733 192  
249 309 85  248 329 82  277 341 80  
249 309 85  277 341 80  278 314 84  
243 347 78  248 329 82  225 324 82  
243 347 78  225 324 82  227 337 80  
194 522 144  191 539 143  194 533 142  
194 522 144  194 533 142  198 521 143  
535 693 206  594 671 196  585 700 184  
535 693 206  585 700 184  532 714 195  
585 700 184  623 673 170  587 704 159  
585 700 184  587 704 159  556 725 173  
621 495 118  640 462 128  615 433 121  
621 495 118  615 433 121  595 463 112  
595 463 112  615 433 121  595 410 115  
595 463 112  595 410 115  578 438 105  
507 513 98  521 550 105  577 530 109  
507 513 98  577 530 109  555 495 103  
577 530 109  521 550 105  533 592 112  
577 530 109  533 592 112  596 572 117  
670 511 163  662 467 149  658 500 138  
670 511 163  658 500 138  665 547 152  
337 423 74  314 446 76  343 480 79  
337 423 74  343 480 79  370 458 76  
200 502 134  198 501 140  201 504 140  
200 502 134  201 504 140  202 507 136  
192 496 131  185 488 128  180 486 134  
192 496 131  180 486 134  189 495 138  
540 638 122  539 682 136  602 667 143  
540 638 122  602 667 143  604 621 129  
527 717 152  539 682 136  478 680 133  
527 717 152  478 680 133  470 716 148  
425 672 132  416 705 147  470 716 148  
425 672 132  470 716 148  478 680 133  
380 661 131  380 620 116  347 618 118  
380 661 131  347 618 118  341 648 130  
236 577 124  233 573 124  228 575 126  
236 577 124  228 575 126  228 582 126  
220 594 131  205 587 137  211 603 139  
220 594 131  211 603 139  228 607 133  
351 724 189  416 733 192  431 741 180  
351 724 189  431 741 180  371 733 177  
311 714 173  371 733 177  395 727 163  
311 714 173  395 727 163  340 710 159  
351 724 189  371 733 177  311 714 173  
351 724 189  311 714 173  291 703 183  
240 620 135  220 617 142  233 634 146  
240 620 135  233 634 146  257 632 137  
236 577 124  228 582 126  233 592 126  
236 577 124  233 592 126  242 585 123  
249 309 85  249 284 90  222 291 92  
249 309 85  222 291 92  223 309 86  
187 342 88  181 353 92  189 367 90  
187 342 88  189 367 90  199 357 86  
489 455 80  446 453 77  456 487 85  
489 455 80  456 487 85  497 482 89  
203 511 129  202 516 131  204 530 127  
203 511 129  204 530 127  209 525 122  
216 583 130  217 575 129  201 565 134  
216 583 130  201 565 134  201 573 135  
190 408 99  192 406 100  188 405 101  
190 408 99  188 405 101  185 409 101  
192 407 98  195 405 100  192 406 100  
192 407 98  192 406 100  190 408 99  
166 411 107  170 402 105  156 396 110  
166 411 107  156 396 110  154 406 113  
152 387 123  150 398 121  145 394 119  
152 387 123  145 394 119  145 383 122  
156 396 110  170 402 105  177 395 105  
156 396 110  177 395 105  168 389 108  
177 395 105  184 398 108  179 391 112  
177 395 105  179 391 112  168 389 108  
149 373 118  148 384 115  162 377 113  
149 373 118  162 377 113  162 367 116  
333 671 214  334 689 207  273 667 200  
333 671 214  273 667 200  271 649 207  
186 481 121  191 493 124  197 497 118  
186 481 121  197 497 118  190 483 116  
208 546 128  208 546 127  200 535 130  
208 546 128  200 535 130  202 535 131  
219 571 128  217 563 128  200 555 134  
219 571 128  200 555 134  201 561 134  
202 507 140  207 509 140  203 515 139  
202 507 140  203 515 139  201 511 137  
206 510 141  209 510 141  209 511 141  
206 510 141  209 511 141  207 509 140  
187 342 88  199 357 86  214 345 81  
187 342 88  214 345 81  203 329 83  
187 342 88  178 326 91  174 342 97  
187 342 88  174 342 97  181 353 92  
226 562 126  228 561 126  232 565 126  
226 562 126  232 565 126  230 569 127  
205 516 139  209 511 141  211 509 140  
205 516 139  211 509 140  207 514 138  
207 514 138  204 521 135  201 524 135  
207 514 138  201 524 135  205 516 139  
208 546 128  210 542 128  221 553 126  
208 546 128  221 553 126  218 554 127  
201 554 134  203 559 136  201 545 140  
201 554 134  201 545 140  197 540 138  
225 560 126  227 562 125  229 567 125  
225 560 126  229 567 125  226 562 125  
231 566 124  226 562 125  229 567 125  
231 566 124  229 567 125  233 573 124  
228 575 126  227 570 126  219 571 128  
228 575 126  219 571 128  217 575 129  
201 561 134  194 545 139  193 549 139  
201 561 134  193 549 139  201 565 134  
202 509 141  202 507 140  201 504 140  
202 509 141  201 504 140  199 509 142  
195 384 88  202 398 89  219 394 85  
195 384 88  219 394 85  210 374 84  
225 324 82  223 309 86  197 312 87  
225 324 82  197 312 87  203 329 83  
247 392 80  240 420 85  266 439 83  
247 392 80  266 439 83  283 418 78  
204 403 102  197 403 101  193 400 103  
204 403 102  193 400 103  200 399 103  
193 406 96  195 408 94  193 400 93  
193 406 96  193 400 93  190 401 96  
145 394 119  150 398 121  159 412 115  
145 394 119  159 412 115  154 406 113  
154 406 113  159 412 115  169 417 108  
154 406 113  169 417 108  166 411 107  
198 503 126  191 493 124  185 488 128  
198 503 126  185 488 128  192 496 131  
190 483 116  197 497 118  201 498 112  
190 483 116  201 498 112  194 482 110  
177 486 139  180 486 134  177 476 130  
177 486 139  177 476 130  172 476 134  
176 492 148  182 494 146  172 484 142  
176 492 148  172 484 142  165 481 145  
177 476 130  180 486 134  185 488 128  
177 476 130  185 488 128  182 479 126  
178 533 154  181 562 149  188 548 145  
178 533 154  188 548 145  189 526 147  
193 557 140  191 539 143  188 548 145  
193 557 140  188 548 145  193 570 142  
220 617 142  202 604 148  213 625 154  
220 617 142  213 625 154  233 634 146  
198 521 143  199 518 142  202 509 141  
198 521 143  202 509 141  199 509 142  
206 510 141  202 509 141  199 518 142  
206 510 141  199 518 142  204 515 141  
204 515 141  209 513 142  209 510 141  
204 515 141  209 510 141  206 510 141  
277 624 128  257 632 137  285 651 140  
277 624 128  285 651 140  306 635 129  
533 420 71  476 405 65  482 430 73  
533 420 71  482 430 73  535 430 79  
325 271 69  305 235 75  293 253 80  
325 271 69  293 253 80  316 294 75  
411 444 77  426 486 84  456 487 85  
411 444 77  456 487 85  446 453 77  
184 396 96  185 400 99  190 402 98  
184 396 96  190 402 98  190 401 96  
411 444 77  384 391 72  358 403 75  
411 444 77  358 403 75  388 445 78  
411 444 77  388 445 78  405 485 83  
411 444 77  405 485 83  426 486 84  
621 495 118  641 537 127  658 500 138  
621 495 118  658 500 138  640 462 128  
599 387 123  595 410 115  615 433 121  
599 387 123  615 433 121  620 408 130  
620 408 130  615 433 121  640 462 128  
620 408 130  640 462 128  644 433 138  
638 638 182  594 671 196  596 643 205  
638 638 182  596 643 205  642 604 192  
535 670 213  596 643 205  594 671 196  
535 670 213  594 671 196  535 693 206  
595 410 115  599 387 123  587 363 115  
595 410 115  587 363 115  585 386 108  
643 635 155  623 673 170  638 638 182  
643 635 155  638 638 182  660 596 167  
535 670 213  535 693 206  473 701 210  
535 670 213  473 701 210  472 682 217  
384 391 72  411 444 77  446 453 77  
384 391 72  446 453 77  434 418 70  
446 453 77  489 455 80  482 430 73  
446 453 77  482 430 73  434 418 70  
535 430 79  482 430 73  489 455 80  
535 430 79  489 455 80  537 444 87  
537 444 87  571 415 98  567 395 91  
537 444 87  567 395 91  535 430 79  
585 386 108  587 363 115  579 341 108  
585 386 108  579 341 108  579 366 101  
539 682 136  527 717 152  587 704 159  
539 682 136  587 704 159  602 667 143  
664 558 178  670 511 163  665 547 152  
664 558 178  665 547 152  660 596 167  
602 667 143  643 635 155  648 587 140  
602 667 143  648 587 140  604 621 129  
423 637 121  425 672 132  478 680 133  
423 637 121  478 680 133  476 634 119  
195 608 161  186 590 168  199 623 176  
195 608 161  199 623 176  210 641 169  
195 589 188  196 606 182  182 574 173  
195 589 188  182 574 173  182 559 178  
182 574 173  186 590 168  177 561 161  
182 574 173  177 561 161  175 544 165  
271 649 207  273 667 200  226 637 191  
271 649 207  226 637 191  224 620 197  
196 606 182  195 589 188  224 620 197  
196 606 182  224 620 197  226 637 191  
246 551 111  262 551 106  247 533 102  
246 551 111  247 533 102  233 535 108  
262 551 106  281 548 101  267 526 96  
262 551 106  267 526 96  247 533 102  
305 541 96  292 513 92  267 526 96  
305 541 96  267 526 96  281 548 101  
229 363 80  210 374 84  219 394 85  
229 363 80  219 394 85  247 392 80  
184 396 96  190 401 96  193 400 93  
184 396 96  193 400 93  187 391 92  
185 400 99  187 401 101  192 403 100  
185 400 99  192 403 100  190 402 98  
187 401 101  193 400 103  197 403 101  
187 401 101  197 403 101  192 403 100  
224 558 124  231 566 124  237 569 122  
224 558 124  237 569 122  232 560 121  
226 562 125  219 556 125  218 555 126  
226 562 125  218 555 126  225 560 126  
225 560 126  218 555 126  218 554 127  
225 560 126  218 554 127  225 559 126  
219 556 125  226 562 125  231 566 124  
219 556 125  231 566 124  224 558 124  
265 686 166  294 686 155  257 661 150  
265 686 166  257 661 150  231 656 160  
245 672 176  265 686 166  231 656 160  
245 672 176  231 656 160  210 641 169  
257 632 137  233 634 146  257 661 150  
257 632 137  257 661 150  285 651 140  
216 583 130  220 594 131  233 592 126  
216 583 130  233 592 126  228 582 126  
216 583 130  201 573 135  205 587 137  
216 583 130  205 587 137  220 594 131  
201 573 135  193 557 140  193 570 142  
201 573 135  193 570 142  205 587 137  
196 432 96  192 439 100  198 455 99  
196 432 96  198 455 99  206 445 95  
189 367 90  181 353 92  175 362 97  
189 367 90  175 362 97  181 377 93  
189 367 90  181 377 93  187 391 92  
189 367 90  187 391 92  195 384 88  
214 431 91  218 414 87  203 411 90  
214 431 91  203 411 90  201 423 92  
173 430 113  174 435 118  185 454 118  
173 430 113  185 454 118  185 450 114  
172 446 127  167 444 123  174 443 120  
172 446 127  174 443 120  168 429 126  
170 454 120  160 456 122  167 468 124  
170 454 120  167 468 124  180 466 121  
170 454 120  174 443 120  167 444 123  
170 454 120  167 444 123  165 447 122  
182 507 151  178 533 154  189 526 147  
182 507 151  189 526 147  188 508 147  
233 535 108  247 533 102  233 513 100  
233 535 108  233 513 100  220 516 106  
248 329 82  249 309 85  223 309 86  
248 329 82  223 309 86  225 324 82  
179 380 114  169 379 113  168 368 117  
179 380 114  168 368 117  178 368 117  
169 379 113  176 389 109  166 391 106  
169 379 113  166 391 106  155 379 110  
161 363 103  172 351 101  170 336 107  
161 363 103  170 336 107  159 345 109  
148 354 112  152 374 105  161 363 103  
148 354 112  161 363 103  159 345 109  
174 342 97  170 325 103  170 336 107  
174 342 97  170 336 107  172 351 101  
174 342 97  178 326 91  177 308 98  
174 342 97  177 308 98  170 325 103  
222 546 121  233 549 116  221 532 115  
222 546 121  221 532 115  209 525 122  
209 525 122  204 530 127  214 545 124  
209 525 122  214 545 124  222 546 121  
200 535 130  208 546 127  209 545 126  
200 535 130  209 545 126  201 533 129  
200 535 130  199 523 134  201 524 135  
200 535 130  201 524 135  202 535 131  
209 525 122  204 510 120  198 503 126  
209 525 122  198 503 126  203 511 129  
198 503 126  204 510 120  197 497 118  
198 503 126  197 497 118  191 493 124  
142 413 131  129 423 134  133 433 132  
142 413 131  133 433 132  143 421 130  
148 428 129  162 426 129  158 415 128  
148 428 129  158 415 128  143 421 130  
189 495 138  198 501 140  200 502 134  
189 495 138  200 502 134  192 496 131  
201 561 134  201 565 134  217 575 129  
201 561 134  217 575 129  219 571 128  
201 533 129  204 530 127  202 516 131  
201 533 129  202 516 131  199 520 133  
228 575 126  233 573 124  229 567 125  
228 575 126  229 567 125  227 570 126  
201 511 137  202 507 136  201 504 140  
201 511 137  201 504 140  202 507 140  
194 533 142  196 529 142  199 518 142  
194 533 142  199 518 142  198 521 143  
194 533 142  193 549 139  194 545 139  
194 533 142  194 545 139  196 529 142  
202 507 136  201 511 137  199 520 133  
202 507 136  199 520 133  202 516 131  
219 556 125  209 545 126  208 546 127  
219 556 125  208 546 127  218 555 126  
209 545 126  214 545 124  204 530 127  
209 545 126  204 530 127  201 533 129  
218 555 126  208 546 127  208 546 128  
218 555 126  208 546 128  218 554 127  
199 509 142  195 506 143  194 522 144  
199 509 142  194 522 144  198 521 143  
187 496 142  177 486 139  172 484 142  
187 496 142  172 484 142  182 494 146  
165 449 124  158 446 127  152 452 126  
165 449 124  152 452 126  160 456 122  
160 456 122  152 452 126  153 463 128  
160 456 122  153 463 128  167 468 124  
289 609 120  269 602 121  258 614 128  
289 609 120  258 614 128  277 624 128  
274 586 115  269 602 121  289 609 120  
274 586 115  289 609 120  293 589 113  
290 569 107  281 548 101  262 551 106  
290 569 107  262 551 106  271 569 110  
251 462 88  235 482 93  252 504 94  
251 462 88  252 504 94  273 488 89  
252 504 94  267 526 96  292 513 92  
252 504 94  292 513 92  273 488 89  
266 439 83  240 420 85  230 443 89  
266 439 83  230 443 89  251 462 88  
219 461 94  230 443 89  214 431 91  
219 461 94  214 431 91  206 445 95  
333 530 92  316 496 86  292 513 92  
333 530 92  292 513 92  305 541 96  
201 423 92  196 432 96  206 445 95  
201 423 92  206 445 95  214 431 91  
203 411 90  195 408 94  194 415 95  
203 411 90  194 415 95  201 423 92  
192 407 98  190 408 99  188 412 98  
192 407 98  188 412 98  192 409 97  
293 589 113  318 590 110  313 567 102  
293 589 113  313 567 102  290 569 107  
380 620 116  380 661 131  425 672 132  
380 620 116  425 672 132  423 637 121  
232 560 121  222 546 121  214 545 124  
232 560 121  214 545 124  224 558 124  
224 558 124  214 545 124  209 545 126  
224 558 124  209 545 126  219 556 125  
305 541 96  281 548 101  290 569 107  
305 541 96  290 569 107  313 567 102  
165 411 127  158 404 123  159 394 125  
165 411 127  159 394 125  166 403 128  
190 483 116  194 482 110  189 464 110  
190 483 116  189 464 110  188 467 115  
185 450 114  185 454 118  186 468 119  
185 450 114  186 468 119  188 467 115  
173 430 113  185 450 114  186 447 109  
173 430 113  186 447 109  176 428 108  
176 428 108  169 417 108  159 412 115  
176 428 108  159 412 115  173 430 113  
174 435 118  173 430 113  159 412 115  
174 435 118  159 412 115  160 417 120  
166 411 107  176 410 103  181 403 103  
166 411 107  181 403 103  170 402 105  
170 402 105  181 403 103  187 399 103  
170 402 105  187 399 103  177 395 105  
187 399 103  193 402 105  184 398 108  
187 399 103  184 398 108  177 395 105  
166 411 107  169 417 108  176 417 104  
166 411 107  176 417 104  176 410 103  
143 440 129  152 452 126  158 446 127  
143 440 129  158 446 127  151 438 129  
159 468 133  166 473 137  172 476 134  
159 468 133  172 476 134  172 470 129  
188 508 147  195 506 143  187 496 142  
188 508 147  187 496 142  182 494 146  
182 507 151  188 508 147  182 494 146  
182 507 151  182 494 146  176 492 148  
177 501 154  182 507 151  176 492 148  
177 501 154  176 492 148  172 487 151  
176 494 157  177 501 154  172 487 151  
176 494 157  172 487 151  171 481 153  
473 701 210  473 719 201  407 718 202  
473 701 210  407 718 202  403 700 211  
279 686 193  273 667 200  334 689 207  
279 686 193  334 689 207  339 708 199  
232 655 185  279 686 193  291 703 183  
232 655 185  291 703 183  245 672 176  
539 682 136  540 638 122  476 634 119  
539 682 136  476 634 119  478 680 133  
193 400 93  202 398 89  195 384 88  
193 400 93  195 384 88  187 391 92  
152 374 105  148 354 112  152 363 115  
152 374 105  152 363 115  155 379 110  
228 559 126  232 565 126  228 561 126  
228 559 126  228 561 126  225 559 126  
351 310 65  325 271 69  316 294 75  
351 310 65  316 294 75  344 339 72  
434 418 70  482 430 73  476 405 65  
434 418 70  476 405 65  427 384 62  
567 395 91  579 366 101  574 348 94  
567 395 91  574 348 94  566 380 84  
384 391 72  434 418 70  427 384 62  
384 391 72  427 384 62  380 354 62  
384 391 72  344 339 72  316 357 77  
384 391 72  316 357 77  358 403 75  
579 366 101  579 341 108  575 321 102  
579 366 101  575 321 102  574 348 94  
474 735 191  473 719 201  532 714 195  
474 735 191  532 714 195  518 733 185  
543 467 95  578 438 105  571 415 98  
543 467 95  571 415 98  537 444 87  
594 671 196  638 638 182  623 673 170  
594 671 196  623 673 170  585 700 184  
595 463 112  555 495 103  577 530 109  
595 463 112  577 530 109  621 495 118  
578 438 105  543 467 95  555 495 103  
578 438 105  555 495 103  595 463 112  
604 621 129  648 587 140  641 537 127  
604 621 129  641 537 127  596 572 117  
602 667 143  587 704 159  623 673 170  
602 667 143  623 673 170  643 635 155  
571 415 98  585 386 108  579 366 101  
571 415 98  579 366 101  567 395 91  
643 635 155  660 596 167  665 547 152  
643 635 155  665 547 152  648 587 140  
566 380 84  533 420 71  535 430 79  
566 380 84  535 430 79  567 395 91  
211 515 113  221 532 115  233 535 108  
211 515 113  233 535 108  220 516 106  
271 569 110  256 566 114  258 581 117  
271 569 110  258 581 117  274 586 115  
285 651 140  257 661 150  294 686 155  
285 651 140  294 686 155  322 671 142  
285 651 140  322 671 142  341 648 130  
285 651 140  341 648 130  306 635 129  
506 738 167  451 737 165  431 741 180  
506 738 167  431 741 180  484 741 180  
556 725 173  518 733 185  532 714 195  
556 725 173  532 714 195  585 700 184  
197 497 118  204 510 120  211 515 113  
197 497 118  211 515 113  201 498 112  
188 467 115  189 464 110  186 447 109  
188 467 115  186 447 109  185 450 114  
201 498 112  208 497 105  199 478 105  
201 498 112  199 478 105  194 482 110  
189 464 110  194 482 110  199 478 105  
189 464 110  199 478 105  192 460 105  
186 447 109  189 443 104  180 427 104  
186 447 109  180 427 104  176 428 108  
169 417 108  176 428 108  180 427 104  
169 417 108  180 427 104  176 417 104  
165 411 127  166 403 128  160 409 130  
165 411 127  160 409 130  158 415 128  
170 454 120  180 466 121  184 458 120  
170 454 120  184 458 120  174 443 120  
422 575 100  414 558 99  401 579 99  
422 575 100  401 579 99  411 587 99  
398 604 106  406 605 103  411 587 99  
398 604 106  411 587 99  401 579 99  
417 628 111  420 630 107  406 605 103  
417 628 111  406 605 103  398 604 106  
451 638 111  449 640 107  420 630 107  
451 638 111  420 630 107  417 628 111  
474 630 108  468 633 105  449 640 107  
474 630 108  449 640 107  451 638 111  
487 609 102  477 616 99  468 633 105  
487 609 102  468 633 105  474 630 108  
483 572 94  476 583 92  477 616 99  
483 572 94  477 616 99  487 609 102  
437 531 84  432 540 84  454 553 87  
437 531 84  454 553 87  461 544 88  
413 517 82  409 529 81  432 540 84  
413 517 82  432 540 84  437 531 84  
425 621 109  416 601 106  406 605 103  
425 621 109  406 605 103  420 630 107  
447 628 108  425 621 109  420 630 107  
447 628 108  420 630 107  449 640 107  
463 624 106  447 628 108  449 640 107  
463 624 106  449 640 107  468 633 105  
470 611 102  463 624 106  468 633 105  
470 611 102  468 633 105  477 616 99  
477 616 99  476 583 92  472 580 94  
477 616 99  472 580 94  470 611 102  
454 553 87  432 540 84  426 544 86  
454 553 87  426 544 86  447 552 88  
404 539 85  426 544 86  432 540 84  
404 539 85  432 540 84  409 529 81  
390 538 88  404 539 85  409 529 81  
390 538 88  409 529 81  392 523 84  
424 552 94  411 541 92  408 548 95  
424 552 94  408 548 95  414 558 99  
383 581 102  391 605 110  398 604 106  
383 581 102  398 604 106  401 579 99  
398 604 106  391 605 110  417 620 114  
398 604 106  417 620 114  417 628 111  
457 620 113  451 638 111  417 628 111  
457 620 113  417 628 111  417 620 114  
478 594 107  487 609 102  474 630 108  
478 594 107  474 630 108  457 620 113  
478 594 107  476 560 99  483 572 94  
478 594 107  483 572 94  487 609 102  
461 544 88  459 533 93  435 518 89  
461 544 88  435 518 89  437 531 84  
413 517 82  437 531 84  435 518 89  
413 517 82  435 518 89  410 511 86  
413 517 82  410 511 86  388 518 87  
413 517 82  388 518 87  392 523 84  
390 538 88  392 523 84  388 518 87  
390 538 88  388 518 87  381 535 90  
406 605 103  416 601 106  422 575 100  
406 605 103  422 575 100  411 587 99  
424 552 94  434 570 96  440 559 91  
424 552 94  440 559 91  420 553 89  
424 552 94  420 553 89  405 545 89  
424 552 94  405 545 89  411 541 92  
405 545 89  398 557 91  408 548 95  
405 545 89  408 548 95  411 541 92  
408 548 95  398 557 91  401 579 99  
408 548 95  401 579 99  414 558 99  
447 628 108  463 624 106  470 611 102  
447 628 108  470 611 102  440 605 102  
440 605 102  470 611 102  472 580 94  
440 605 102  472 580 94  458 579 94  
447 552 88  472 580 94  476 583 92  
447 552 88  476 583 92  454 553 87  
476 583 92  483 572 94  461 544 88  
476 583 92  461 544 88  454 553 87  
459 533 93  461 544 88  483 572 94  
459 533 93  483 572 94  476 560 99  
440 605 102  416 601 106  425 621 109  
440 605 102  425 621 109  447 628 108  
440 559 91  458 579 94  472 580 94  
440 559 91  472 580 94  447 552 88  
414 558 99  422 575 100  434 570 96  
414 558 99  434 570 96  424 552 94  
390 538 88  398 557 91  405 545 89  
390 538 88  405 545 89  404 539 85  
440 559 91  447 552 88  426 544 86  
440 559 91  426 544 86  420 553 89  
401 579 99  398 557 91  381 556 95  
401 579 99  381 556 95  383 581 102  
381 556 95  398 557 91  390 538 88  
381 556 95  390 538 88  381 535 90  
487 556 102  467 520 93  459 533 93  
487 556 102  459 533 93  476 560 99  
487 556 102  476 560 99  478 594 107  
487 556 102  478 594 107  491 593 110  
435 518 89  467 520 93  456 487 85  
435 518 89  456 487 85  426 486 84  
435 518 89  426 486 84  405 485 83  
435 518 89  405 485 83  410 511 86  
491 593 110  478 594 107  457 620 113  
491 593 110  457 620 113  476 634 119  
533 592 112  491 593 110  476 634 119  
533 592 112  476 634 119  540 638 122  
497 482 89  456 487 85  467 520 93  
497 482 89  467 520 93  507 513 98  
507 513 98  467 520 93  487 556 102  
507 513 98  487 556 102  521 550 105  
383 581 102  381 556 95  364 558 97  
383 581 102  364 558 97  366 586 104  
381 535 90  388 518 87  386 497 83  
381 535 90  386 497 83  363 520 88  
405 545 89  420 553 89  426 544 86  
405 545 89  426 544 86  404 539 85  
380 620 116  423 637 121  417 620 114  
380 620 116  417 620 114  391 605 110  
388 518 87  410 511 86  405 485 83  
388 518 87  405 485 83  386 497 83  
249 284 90  249 309 85  278 314 84  
249 284 90  278 314 84  275 284 90  
188 508 147  189 526 147  194 522 144  
188 508 147  194 522 144  195 506 143  
258 581 117  256 566 114  243 563 118  
258 581 117  243 563 118  246 574 120  
366 586 104  364 558 97  340 563 98  
366 586 104  340 563 98  344 590 107  
274 586 115  293 589 113  290 569 107  
274 586 115  290 569 107  271 569 110  
318 590 110  344 590 107  340 563 98  
318 590 110  340 563 98  313 567 102  
246 574 120  243 563 118  232 560 121  
246 574 120  232 560 121  237 569 122  
363 520 88  364 558 97  381 556 95  
363 520 88  381 556 95  381 535 90  
143 440 129  151 438 129  152 433 130  
143 440 129  152 433 130  148 428 129  
176 417 104  180 427 104  185 425 100  
176 417 104  185 425 100  183 414 100  
190 420 97  188 412 98  183 414 100  
190 420 97  183 414 100  185 425 100  
195 408 94  193 406 96  192 409 97  
195 408 94  192 409 97  194 415 95  
211 515 113  204 510 120  209 525 122  
211 515 113  209 525 122  221 532 115  
384 391 72  380 354 62  351 310 65  
384 391 72  351 310 65  344 339 72  
596 572 117  533 592 112  540 638 122  
596 572 117  540 638 122  604 621 129  
662 467 149  644 433 138  640 462 128  
662 467 149  640 462 128  658 500 138  
658 500 138  641 537 127  648 587 140  
658 500 138  648 587 140  665 547 152  
596 572 117  641 537 127  621 495 118  
596 572 117  621 495 118  577 530 109  
487 556 102  491 593 110  533 592 112  
487 556 102  533 592 112  521 550 105  
383 581 102  366 586 104  380 620 116  
383 581 102  380 620 116  391 605 110  
339 708 199  407 718 202  416 733 192  
339 708 199  416 733 192  351 724 189  
395 727 163  451 737 165  470 716 148  
395 727 163  470 716 148  416 705 147  
371 733 177  431 741 180  451 737 165  
371 733 177  451 737 165  395 727 163  
333 671 214  402 682 217  403 700 211  
333 671 214  403 700 211  334 689 207  
476 634 119  457 620 113  417 620 114  
476 634 119  417 620 114  423 637 121  
178 533 154  182 507 151  177 501 154  
178 533 154  177 501 154  175 520 159  
174 509 162  175 520 159  177 501 154  
174 509 162  177 501 154  176 494 157  
185 374 112  197 351 112  206 371 102  
185 374 112  206 371 102  190 382 108  
213 390 99  204 396 102  198 389 104  
213 390 99  198 389 104  206 371 102  
216 404 100  209 403 101  204 396 102  
216 404 100  204 396 102  213 390 99  
211 410 101  209 406 100  209 403 101  
211 410 101  209 403 101  216 404 100  
209 416 109  227 409 103  255 402 105  
209 416 109  255 402 105  249 422 122  
212 413 103  211 410 101  216 404 100  
212 413 103  216 404 100  227 409 103  
213 390 99  206 371 102  251 358 101  
213 390 99  251 358 101  235 393 99  
226 562 126  230 569 127  219 570 130  
226 562 126  219 570 130  218 562 128  
203 559 136  201 554 134  218 562 128  
203 559 136  218 562 128  219 570 130  
217 511 140  211 509 140  212 511 141  
217 511 140  212 511 141  218 515 142  
217 511 140  213 516 136  207 514 138  
217 511 140  207 514 138  211 509 140  
221 553 126  210 542 128  217 532 131  
221 553 126  217 532 131  231 552 128  
201 545 140  206 528 142  202 525 141  
201 545 140  202 525 141  197 540 138  
202 535 131  205 532 131  210 542 128  
202 535 131  210 542 128  208 546 128  
202 535 131  201 524 135  204 521 135  
202 535 131  204 521 135  205 532 131  
231 552 128  235 563 129  232 565 126  
231 552 128  232 565 126  228 559 126  
218 554 127  221 553 126  228 559 126  
218 554 127  228 559 126  225 559 126  
235 563 129  226 565 134  219 570 130  
235 563 129  219 570 130  230 569 127  
226 565 134  214 553 140  203 559 136  
226 565 134  203 559 136  219 570 130  
209 513 142  202 525 141  206 528 142  
209 513 142  206 528 142  210 517 143  
206 528 142  201 545 140  214 553 140  
206 528 142  214 553 140  217 532 143  
204 521 135  213 516 136  217 532 131  
204 521 135  217 532 131  205 532 131  
210 517 143  206 528 142  217 532 143  
210 517 143  217 532 143  217 521 143  
211 514 142  217 521 143  218 515 142  
211 514 142  218 515 142  212 511 141  
247 392 80  267 367 77  243 347 78  
247 392 80  243 347 78  229 363 80  
197 312 87  199 297 94  177 308 98  
197 312 87  177 308 98  178 326 91  
275 284 90  278 314 84  300 310 80  
275 284 90  300 310 80  283 271 86  
267 367 77  277 341 80  248 329 82  
267 367 77  248 329 82  243 347 78  
388 445 78  370 458 76  386 497 83  
388 445 78  386 497 83  405 485 83  
440 559 91  434 570 96  440 605 102  
440 559 91  440 605 102  458 579 94  
165 449 124  172 446 127  162 439 131  
165 449 124  162 439 131  158 446 127  
167 444 123  172 446 127  165 449 124  
167 444 123  165 449 124  165 447 122  
200 407 116  249 422 122  250 405 129  
200 407 116  250 405 129  197 384 122  
206 371 102  197 351 112  248 341 109  
206 371 102  248 341 109  251 358 101  
251 358 101  248 341 109  291 371 118  
251 358 101  291 371 118  291 386 113  
249 422 122  291 386 113  291 371 118  
249 422 122  291 371 118  250 405 129  
532 411 56  578 359 68  590 352 59  
532 411 56  590 352 59  541 410 49  
327 211 54  328 242 62  347 278 57  
327 211 54  347 278 57  337 247 47  
472 381 57  473 364 47  414 330 38  
472 381 57  414 330 38  421 355 52  
437 343 27  414 330 38  473 364 47  
437 343 27  473 364 47  478 373 37  
316 181 44  321 218 38  302 211 31  
316 181 44  302 211 31  298 171 37  
541 410 49  553 409 36  487 391 24  
541 410 49  487 391 24  478 373 37  
382 296 25  408 320 20  403 329 11  
382 296 25  403 329 11  360 298 15  
321 218 38  353 249 30  326 253 23  
321 218 38  326 253 23  302 211 31  
326 253 23  353 249 30  382 296 25  
326 253 23  382 296 25  360 298 15  
610 347 46  590 352 59  599 296 70  
610 347 46  599 296 70  623 275 58  
599 296 70  583 316 80  586 284 90  
599 296 70  586 284 90  601 260 83  
622 230 73  623 275 58  599 296 70  
622 230 73  599 296 70  601 260 83  
541 410 49  590 352 59  610 347 46  
541 410 49  610 347 46  553 409 36  
473 364 47  532 411 56  541 410 49  
473 364 47  541 410 49  478 373 37  
414 330 38  437 343 27  408 320 20  
414 330 38  408 320 20  382 296 25  
403 329 11  408 320 20  437 343 27  
403 329 11  437 343 27  447 357 15  
487 391 24  447 357 15  437 343 27  
487 391 24  437 343 27  478 373 37  
569 370 77  566 380 84  574 348 94  
569 370 77  574 348 94  574 332 87  
368 284 40  373 322 52  421 355 52  
368 284 40  421 355 52  414 330 38  
368 284 40  337 247 47  347 278 57  
368 284 40  347 278 57  373 322 52  
575 303 96  574 332 87  574 348 94  
575 303 96  574 348 94  575 321 102  
327 211 54  337 247 47  321 218 38  
327 211 54  321 218 38  316 181 44  
353 249 30  368 284 40  414 330 38  
353 249 30  414 330 38  382 296 25  
368 284 40  353 249 30  321 218 38  
368 284 40  321 218 38  337 247 47  
328 152 48  329 188 60  327 211 54  
328 152 48  327 211 54  316 181 44  
472 381 57  530 415 64  532 411 56  
472 381 57  532 411 56  473 364 47  
298 171 37  306 134 42  328 152 48  
298 171 37  328 152 48  316 181 44  
472 381 57  476 405 65  533 420 71  
472 381 57  533 420 71  530 415 64  
317 215 68  305 235 75  325 271 69  
317 215 68  325 271 69  328 242 62  
590 352 59  578 359 68  583 316 80  
590 352 59  583 316 80  599 296 70  
530 415 64  533 420 71  566 380 84  
530 415 64  566 380 84  569 370 77  
328 242 62  325 271 69  351 310 65  
328 242 62  351 310 65  347 278 57  
476 405 65  472 381 57  421 355 52  
476 405 65  421 355 52  427 384 62  
578 359 68  569 370 77  574 332 87  
578 359 68  574 332 87  583 316 80  
373 322 52  380 354 62  427 384 62  
373 322 52  427 384 62  421 355 52  
347 278 57  351 310 65  380 354 62  
347 278 57  380 354 62  373 322 52  
586 284 90  583 316 80  574 332 87  
586 284 90  574 332 87  575 303 96  
329 188 60  317 215 68  328 242 62  
329 188 60  328 242 62  327 211 54  
532 411 56  530 415 64  569 370 77  
532 411 56  569 370 77  578 359 68  
649 192 61  653 252 44  623 275 58  
649 192 61  623 275 58  622 230 73  
566 411 21  497 408 10  487 391 24  
566 411 21  487 391 24  553 409 36  
553 409 36  610 347 46  626 336 30  
553 409 36  626 336 30  566 411 21  
289 203 20  277 157 29  298 171 37  
289 203 20  298 171 37  302 211 31  
348 305 5  311 256 12  326 253 23  
348 305 5  326 253 23  360 298 15  
487 391 24  497 408 10  443 382 3  
487 391 24  443 382 3  447 357 15  
392 350 1  348 305 5  360 298 15  
392 350 1  360 298 15  403 329 11  
626 336 30  610 347 46  623 275 58  
626 336 30  623 275 58  653 252 44  
277 157 29  285 117 37  306 134 42  
277 157 29  306 134 42  298 171 37  
302 211 31  326 253 23  311 256 12  
302 211 31  311 256 12  289 203 20  
392 350 1  403 329 11  447 357 15  
392 350 1  447 357 15  443 382 3  
218 562 128  201 554 134  200 555 134  
218 562 128  200 555 134  217 563 128  
194 404 100  195 405 100  192 407 98  
194 404 100  192 407 98  193 405 98  
226 562 126  225 563 126  227 562 125  
226 562 126  227 562 125  228 561 126  
216 404 100  213 390 99  235 393 99  
216 404 100  235 393 99  227 409 103  
218 562 128  217 563 128  225 563 126  
218 562 128  225 563 126  226 562 126  
199 404 101  200 406 100  195 405 100  
199 404 101  195 405 100  194 404 100  
194 403 102  188 405 101  192 406 100  
194 403 102  192 406 100  198 405 101  
209 444 162  212 443 163  209 445 163  
212 443 163  212 446 163  209 445 163  
211 449 164  209 445 163  212 446 163  
249 383 134  209 342 132  200 365 130  
211 441 162  212 443 163  209 444 162  
179 352 124  200 365 130  184 341 127  
200 325 129  193 331 128  209 342 132  
178 363 121  178 372 118  197 384 122  
518 580 234  474 599 234  484 567 236  
209 444 162  209 442 163  211 441 162  
413 257 165  409 255 169  392 265 167  
451 349 203  474 341 200  457 355 198  
435 278 165  467 292 166  459 293 170  
190 340 121  198 328 124  206 322 118  
212 324 132  209 342 132  227 323 130  
185 353 119  197 351 112  184 364 116  
204 424 166  213 427 164  207 434 164  
203 427 178  201 439 173  214 439 176  
210 402 172  217 411 169  205 412 169  
233 435 170  231 402 176  235 407 179  
233 435 170  214 439 176  217 449 169  
233 435 170  235 407 179  226 423 180  
233 435 170  213 427 164  217 411 169  
231 402 176  233 435 170  217 411 169  
217 449 169  218 449 166  233 435 170  
233 435 170  218 449 166  220 447 163  
212 446 163  218 449 166  211 449 164  
230 400 181  235 407 179  232 398 179  
231 402 176  221 398 176  228 397 178  
217 440 163  233 435 170  220 447 163  
213 427 164  233 435 170  217 440 163  
214 439 176  233 435 170  226 423 180  
422 315 183  440 320 193  416 333 191  
422 315 183  434 302 182  440 320 193  
291 356 123  251 317 114  255 330 128  
291 356 123  255 330 128  249 383 134  
255 330 128  235 312 125  227 323 130  
251 317 114  235 312 125  255 330 128  
212 511 141  209 510 141  209 513 142  
211 514 142  212 511 141  209 513 142  
209 513 142  210 517 143  211 514 142  
209 416 109  249 422 122  200 407 116  
212 511 141  211 509 140  209 510 141  
200 407 116  179 391 112  184 398 108  
193 402 105  200 406 103  209 416 109  
178 372 118  178 381 115  197 384 122  
474 735 191  518 733 185  484 741 180  
209 511 141  209 510 141  211 509 140  
409 529 81  413 517 82  392 523 84  
474 630 108  451 638 111  457 620 113  
467 520 93  435 518 89  459 533 93  
198 389 104  190 382 108  206 371 102  
209 416 109  212 413 103  227 409 103  
197 351 112  185 374 112  184 364 116  
213 516 136  204 521 135  207 514 138  
201 545 140  203 559 136  214 553 140  
217 532 131  210 542 128  205 532 131  
231 552 128  233 533 139  235 563 129  
214 553 140  233 533 139  217 532 143  
235 563 129  233 533 139  226 565 134  
213 516 136  233 533 139  217 532 131  
233 533 139  231 552 128  217 532 131  
217 521 143  217 532 143  233 533 139  
217 521 143  233 533 139  218 515 142  
217 521 143  211 514 142  210 517 143  
235 563 129  230 569 127  232 565 126  
221 553 126  231 552 128  228 559 126  
233 533 139  217 511 140  218 515 142  
233 533 139  213 516 136  217 511 140  
233 533 139  214 553 140  226 565 134  
440 605 102  422 575 100  416 601 106  
434 570 96  422 575 100  440 605 102  
251 358 101  291 386 113  255 402 105  
255 402 105  291 386 113  249 422 122  
235 393 99  255 402 105  227 409 103  
235 393 99  251 358 101  255 402 105  
