346 378 232 345 379 232 346 378 232 
346 378 232 346 378 232 347 377 232 
345 390 232 340 387 232 340 390 232 
345 390 232 340 390 232 345 395 232 
342 387 232 340 388 232 341 385 232 
342 387 232 341 385 232 343 383 232 
345 380 232 343 383 232 341 385 232 
345 380 232 341 385 232 344 382 232 
345 380 232 344 382 232 345 379 232 
345 380 232 345 379 232 346 378 232 
346 378 232 348 379 232 348 377 232 
346 378 232 348 377 232 347 377 232 
348 377 232 347 377 232 346 378 232 
348 377 232 346 378 232 346 377 232 
348 377 232 348 377 232 346 377 232 
348 377 232 346 377 232 347 377 232 
346 378 232 345 379 232 347 384 232 
346 378 232 347 384 232 348 379 232 
342 387 232 342 390 232 340 391 232 
342 387 232 340 391 232 340 388 232 
345 390 232 347 384 232 343 381 232 
345 390 232 343 381 232 341 384 232 
364 357 232 373 355 232 367 357 232 
364 357 232 367 357 232 358 359 232 
349 375 231 346 375 231 349 370 231 
349 375 231 349 370 231 353 370 231 
438 364 231 439 372 231 427 366 231 
438 364 231 427 366 231 424 359 231 
384 391 230 383 381 230 390 379 230 
384 391 230 390 379 230 394 389 230 
377 357 232 373 361 232 378 357 233 
377 357 232 378 357 233 385 354 232 
358 359 232 354 360 232 350 362 232 
358 359 232 350 362 232 354 360 232 
373 361 232 377 357 232 367 360 232 
373 361 232 367 360 232 367 364 232 
377 357 232 373 355 232 364 357 232 
377 357 232 364 357 232 367 360 232 
405 418 229 390 416 229 394 403 229 
405 418 229 394 403 229 407 404 229 
358 400 230 363 401 230 357 409 230 
358 400 230 357 409 230 352 407 230 
346 401 230 350 399 230 349 399 230 
346 401 230 349 399 230 346 402 230 
349 405 230 354 400 230 358 400 230 
349 405 230 358 400 230 352 407 230 
347 401 230 347 400 230 349 399 230 
347 401 230 349 399 230 349 398 230 
376 414 229 382 402 229 394 403 229 
376 414 229 394 403 229 390 416 229 
349 405 230 347 403 230 350 399 230 
349 405 230 350 399 230 354 400 230 
344 424 230 339 431 230 337 425 230 
344 424 230 337 425 230 341 419 230 
337 425 230 336 420 230 339 415 230 
337 425 230 339 415 230 341 419 230 
344 424 230 349 430 229 343 438 229 
344 424 230 343 438 229 339 431 230 
340 411 230 341 413 231 342 412 231 
340 411 230 342 412 231 341 410 230 
343 412 231 341 410 230 341 410 230 
343 412 231 341 410 230 342 412 231 
336 420 230 339 416 230 340 413 230 
336 420 230 340 413 230 339 415 230 
340 411 230 340 414 230 341 413 231 
340 411 230 341 413 231 340 411 230 
334 403 231 333 400 231 331 401 231 
334 403 231 331 401 231 331 402 231 
374 377 230 372 371 230 380 368 231 
374 377 230 380 368 231 382 373 230 
358 365 231 363 362 231 369 360 231 
358 365 231 369 360 231 364 366 231 
342 375 232 343 374 232 343 372 232 
342 375 232 343 372 232 342 373 232 
364 366 231 369 360 231 376 363 231 
364 366 231 376 363 231 369 368 231 
349 370 231 346 375 231 344 375 231 
349 370 231 344 375 231 346 371 231 
347 377 232 345 377 232 345 377 232 
347 377 232 345 377 232 346 378 232 
343 378 232 345 379 232 346 378 232 
343 378 232 346 378 232 345 377 232 
341 377 232 341 377 232 342 376 232 
341 377 232 342 376 232 342 375 232 
344 372 231 342 373 232 343 372 232 
344 372 231 343 372 232 345 370 232 
354 391 230 352 389 230 355 385 230 
354 391 230 355 385 230 357 388 230 
348 381 231 345 380 231 349 375 231 
348 381 231 349 375 231 352 375 231 
349 375 231 353 370 231 358 370 231 
349 375 231 358 370 231 352 375 231 
341 373 232 341 376 232 339 377 232 
341 373 232 339 377 232 339 374 232 
341 380 231 340 380 231 341 376 232 
341 380 231 341 376 232 342 376 231 
343 370 232 346 367 232 346 368 232 
343 370 232 346 368 232 344 371 232 
342 373 232 344 372 231 342 376 231 
342 373 232 342 376 231 341 376 232 
339 377 232 341 376 232 342 378 232 
339 377 232 342 378 232 340 380 232 
337 402 231 336 405 231 336 401 231 
337 402 231 336 401 231 339 398 231 
337 410 231 336 413 231 334 408 231 
337 410 231 334 408 231 336 405 231 
340 409 231 340 413 231 337 410 231 
340 409 231 337 410 231 338 405 231 
439 372 231 443 378 231 430 373 231 
439 372 231 430 373 231 427 366 231 
350 365 232 351 364 232 358 359 232 
350 365 232 358 359 232 356 363 232 
363 362 231 367 357 232 376 356 231 
363 362 231 376 356 231 369 360 231 
376 363 231 384 357 231 389 364 231 
376 363 231 389 364 231 380 368 231 
389 372 230 382 373 230 380 368 231 
389 372 230 380 368 231 389 364 231 
349 454 229 363 462 229 361 469 229 
349 454 229 361 469 229 348 460 229 
359 437 229 367 426 229 381 431 229 
359 437 229 381 431 229 372 443 229 
405 418 229 398 434 228 381 431 229 
405 418 229 381 431 229 390 416 229 
337 425 230 339 431 230 337 437 230 
337 425 230 337 437 230 335 430 230 
340 413 231 340 409 231 343 411 231 
340 413 231 343 411 231 342 414 231 
334 415 231 332 411 231 334 408 231 
334 415 231 334 408 231 336 413 231 
337 437 230 340 445 230 339 450 230 
337 437 230 339 450 230 336 442 230 
336 437 231 336 431 231 336 428 231 
336 437 231 336 428 231 335 434 230 
337 446 230 336 437 231 335 434 230 
337 446 230 335 434 230 336 442 230 
346 413 230 341 419 230 339 415 230 
346 413 230 339 415 230 344 410 230 
352 407 230 346 413 230 344 410 230 
352 407 230 344 410 230 349 405 230 
344 401 231 343 406 231 341 403 231 
344 401 231 341 403 231 343 399 231 
337 394 231 336 398 231 334 394 232 
337 394 231 334 394 232 337 392 231 
340 393 231 337 394 231 337 392 231 
340 393 231 337 392 231 340 391 231 
332 395 232 334 389 232 334 394 232 
332 395 232 334 394 232 334 396 232 
339 401 231 339 398 231 340 394 231 
339 401 231 340 394 231 341 397 231 
332 395 232 334 396 232 334 398 232 
332 395 232 334 398 232 333 396 232 
340 393 231 340 396 231 340 393 231 
340 393 231 340 393 231 340 391 231 
340 394 231 339 398 231 340 396 231 
340 394 231 340 396 231 340 393 231 
344 411 231 345 411 231 345 412 231 
344 411 231 345 412 231 343 412 231 
348 460 229 339 450 230 340 445 230 
348 460 229 340 445 230 349 454 229 
366 454 229 384 460 229 381 469 229 
366 454 229 381 469 229 363 462 229 
422 471 229 402 472 229 405 463 228 
422 471 229 405 463 228 423 461 228 
402 472 229 401 480 229 380 476 229 
402 472 229 380 476 229 381 469 229 
336 423 231 336 420 230 337 425 230 
336 423 231 337 425 230 335 430 230 
335 430 230 335 434 230 336 428 231 
335 430 230 336 428 231 336 423 231 
339 416 230 339 418 231 341 415 231 
339 416 230 341 415 231 340 414 230 
341 377 232 341 377 232 338 380 232 
341 377 232 338 380 232 339 379 232 
331 401 231 328 404 231 329 402 231 
331 401 231 329 402 231 331 399 231 
337 400 231 334 403 231 334 401 232 
337 400 231 334 401 232 336 398 231 
333 388 232 330 393 232 332 390 232 
333 388 232 332 390 232 334 385 232 
334 385 232 332 390 232 335 388 232 
334 385 232 335 388 232 337 384 232 
337 384 232 335 388 232 340 390 232 
337 384 232 340 390 232 340 387 232 
334 394 232 336 398 231 335 399 232 
334 394 232 335 399 232 334 396 232 
332 390 232 330 393 232 331 395 232 
332 390 232 331 395 232 332 392 232 
340 392 232 340 390 232 335 388 232 
340 392 232 335 388 232 336 391 232 
329 402 231 328 404 231 326 406 231 
329 402 231 326 406 231 326 404 231 
329 407 231 332 411 231 330 413 231 
329 407 231 330 413 231 327 409 231 
334 415 231 333 417 231 330 413 231 
334 415 231 330 413 231 332 411 231 
334 415 231 337 418 231 336 421 231 
334 415 231 336 421 231 333 417 231 
325 406 232 326 404 231 326 406 231 
325 406 232 326 406 231 325 409 231 
325 409 231 326 406 231 327 409 231 
325 409 231 327 409 231 327 412 231 
376 414 229 390 416 229 381 431 229 
376 414 229 381 431 229 367 426 229 
353 396 230 355 393 230 358 391 230 
353 396 230 358 391 230 357 395 230 
357 395 230 354 400 230 350 399 230 
357 395 230 350 399 230 353 396 230 
372 402 229 375 392 230 384 391 230 
372 402 229 384 391 230 382 402 229 
358 391 230 363 389 230 361 394 230 
358 391 230 361 394 230 357 395 230 
351 397 230 350 397 230 352 395 230 
351 397 230 352 395 230 352 397 230 
383 381 230 384 391 230 375 392 230 
383 381 230 375 392 230 376 384 230 
375 392 230 367 393 230 368 387 230 
375 392 230 368 387 230 376 384 230 
369 366 233 372 362 233 378 357 233 
369 366 233 378 357 233 373 361 232 
348 363 232 344 367 232 343 368 232 
348 363 232 343 368 232 346 365 232 
339 374 232 339 378 232 339 374 232 
339 374 232 339 374 232 341 370 232 
344 376 232 345 377 232 344 377 232 
344 376 232 344 377 232 343 377 232 
345 377 232 345 377 232 344 376 232 
345 377 232 344 376 232 343 377 232 
340 380 232 342 381 232 339 384 232 
340 380 232 339 384 232 336 382 232 
343 380 231 346 375 231 349 375 231 
343 380 231 349 375 231 345 380 231 
344 386 231 345 380 231 348 381 231 
344 386 231 348 381 231 346 387 231 
340 389 231 341 390 231 340 394 231 
340 389 231 340 394 231 340 393 231 
344 375 231 342 380 231 341 380 231 
344 375 231 341 380 231 342 376 231 
352 382 231 355 385 230 352 389 230 
352 382 231 352 389 230 349 388 231 
351 394 230 348 394 230 352 389 230 
351 394 230 352 389 230 354 391 230 
391 355 231 382 354 232 388 355 232 
391 355 231 388 355 232 396 356 231 
358 400 230 354 400 230 357 395 230 
358 400 230 357 395 230 361 394 230 
362 384 230 357 388 230 355 385 230 
362 384 230 355 385 230 360 380 230 
353 396 230 352 397 230 352 395 230 
353 396 230 352 395 230 355 393 230 
476 445 230 471 460 230 471 451 229 
476 445 230 471 451 229 476 436 230 
349 454 229 340 445 230 343 438 229 
349 454 229 343 438 229 353 446 229 
366 454 229 353 446 229 359 437 229 
366 454 229 359 437 229 372 443 229 
340 380 232 342 378 232 344 379 232 
340 380 232 344 379 232 342 381 232 
343 378 232 342 379 232 343 381 232 
343 378 232 343 381 232 345 379 232 
346 367 232 348 363 232 343 367 232 
346 367 232 343 367 232 341 370 232 
373 355 232 382 354 232 376 356 231 
373 355 232 376 356 231 367 357 232 
353 366 231 358 365 231 353 370 231 
353 366 231 353 370 231 349 370 231 
362 372 231 356 377 231 352 375 231 
362 372 231 352 375 231 358 370 231 
401 480 229 422 479 229 422 485 229 
401 480 229 422 485 229 400 486 229 
441 475 229 422 479 229 422 471 229 
441 475 229 422 471 229 440 466 229 
344 410 231 342 406 231 343 407 231 
344 410 231 343 407 231 344 410 231 
343 403 231 343 408 231 343 406 231 
343 403 231 343 406 231 344 401 231 
369 360 231 376 356 231 384 357 231 
369 360 231 384 357 231 376 363 231 
349 430 229 344 424 230 350 417 230 
349 430 229 350 417 230 356 421 229 
340 411 230 340 411 230 342 406 230 
340 411 230 342 406 230 342 407 230 
343 413 231 342 414 231 343 411 231 
343 413 231 343 411 231 343 411 231 
341 413 231 343 413 231 344 412 231 
341 413 231 344 412 231 342 412 231 
344 410 231 343 409 231 342 405 231 
344 410 231 342 405 231 342 406 231 
344 410 231 345 412 231 345 411 231 
344 410 231 345 411 231 344 410 231 
340 393 231 340 396 231 339 398 231 
340 393 231 339 398 231 338 394 231 
339 374 232 337 376 232 339 374 232 
339 374 232 339 374 232 341 371 232 
346 365 232 350 362 232 354 360 232 
346 365 232 354 360 232 348 363 232 
356 363 232 353 366 231 348 368 231 
356 363 232 348 368 231 350 365 232 
341 384 231 341 384 231 341 380 231 
341 384 231 341 380 231 342 380 231 
342 380 231 344 375 231 346 375 231 
342 380 231 346 375 231 343 380 231 
343 373 232 343 375 232 343 375 232 
343 373 232 343 375 232 343 373 232 
346 377 232 346 378 232 344 377 232 
346 377 232 344 377 232 345 377 232 
345 377 232 345 377 232 347 377 232 
345 377 232 347 377 232 346 377 232 
339 379 232 340 379 232 342 377 232 
339 379 232 342 377 232 341 377 232 
377 357 232 388 355 232 382 354 232 
377 357 232 382 354 232 373 355 232 
384 357 231 391 355 231 396 361 231 
384 357 231 396 361 231 389 364 231 
330 402 231 329 402 231 326 404 231 
330 402 231 326 404 231 329 402 232 
327 409 231 330 413 231 330 415 231 
327 409 231 330 415 231 327 412 231 
449 380 231 446 374 232 450 383 232 
449 380 231 450 383 232 453 389 232 
342 406 230 342 406 230 341 410 230 
342 406 230 341 410 230 341 410 230 
341 410 230 342 406 230 342 406 230 
341 410 230 342 406 230 340 411 230 
344 412 231 345 412 231 343 412 231 
344 412 231 343 412 231 342 412 231 
351 364 232 350 365 232 346 368 232 
351 364 232 346 368 232 346 367 232 
341 371 232 342 370 232 341 373 232 
341 371 232 341 373 232 339 374 232 
337 402 231 339 398 231 340 396 231 
337 402 231 340 396 231 339 398 231 
363 401 230 367 393 230 375 392 230 
363 401 230 375 392 230 372 402 229 
333 417 231 332 419 231 330 415 231 
333 417 231 330 415 231 330 413 231 
336 421 231 335 422 231 332 419 231 
336 421 231 332 419 231 333 417 231 
343 378 232 342 377 232 340 379 232 
343 378 232 340 379 232 342 379 232 
336 379 232 337 376 232 339 374 232 
336 379 232 339 374 232 339 377 232 
333 382 232 336 380 232 337 376 232 
333 382 232 337 376 232 336 379 232 
334 408 231 332 411 231 329 407 231 
334 408 231 329 407 231 332 404 231 
339 378 232 339 374 232 337 376 232 
339 378 232 337 376 232 336 380 232 
335 397 231 335 396 231 336 393 231 
335 397 231 336 393 231 333 396 231 
335 397 231 338 394 231 339 398 231 
335 397 231 339 398 231 336 401 231 
332 404 231 331 401 231 335 397 231 
332 404 231 335 397 231 336 401 231 
329 407 231 328 404 231 331 401 231 
329 407 231 331 401 231 332 404 231 
339 415 230 340 413 230 343 409 230 
339 415 230 343 409 230 344 410 230 
343 374 232 343 375 232 343 375 232 
343 374 232 343 375 232 343 373 232 
336 379 232 339 377 232 340 380 232 
336 379 232 340 380 232 336 382 232 
337 388 232 337 391 232 333 390 232 
337 388 232 333 390 232 334 386 232 
334 386 232 333 382 232 336 379 232 
334 386 232 336 379 232 336 382 232 
344 382 232 342 381 232 344 379 232 
344 382 232 344 379 232 345 379 232 
344 382 232 341 385 232 339 384 232 
344 382 232 339 384 232 342 381 232 
341 385 232 340 388 232 337 388 232 
341 385 232 337 388 232 339 384 232 
334 401 232 335 399 232 336 398 231 
334 401 232 336 398 231 334 401 232 
329 402 232 329 403 232 334 402 232 
329 402 232 334 402 232 334 401 232 
331 402 231 330 402 231 334 401 232 
331 402 231 334 401 232 334 403 231 
329 407 231 327 409 231 326 406 231 
329 407 231 326 406 231 328 404 231 
344 376 232 343 377 232 343 375 232 
344 376 232 343 375 232 343 375 232 
342 405 231 343 402 231 342 403 231 
342 405 231 342 403 231 342 406 231 
350 398 230 350 398 230 349 398 230 
350 398 230 349 398 230 349 399 230 
349 398 230 350 398 230 350 399 230 
349 398 230 350 399 230 349 399 230 
353 366 232 346 367 232 347 373 233 
353 366 232 347 373 233 353 371 233 
348 363 232 353 362 232 354 360 232 
348 363 232 354 360 232 350 362 232 
448 444 229 433 439 228 439 423 229 
448 444 229 439 423 229 457 430 229 
448 444 229 436 456 228 426 452 228 
448 444 229 426 452 228 433 439 228 
439 423 229 433 439 228 416 436 228 
439 423 229 416 436 228 421 420 229 
423 461 228 405 463 228 409 451 228 
423 461 228 409 451 228 426 452 228 
360 365 232 367 364 232 367 360 232 
360 365 232 367 360 232 359 362 232 
358 359 232 354 360 232 353 362 232 
358 359 232 353 362 232 359 362 232 
341 415 231 342 414 231 341 413 231 
341 415 231 341 413 231 340 414 230 
441 475 229 440 466 229 456 455 229 
441 475 229 456 455 229 458 465 229 
456 455 229 448 444 229 457 430 229 
456 455 229 457 430 229 467 440 229 
462 391 231 454 386 231 459 394 231 
462 391 231 459 394 231 466 400 231 
454 386 231 449 380 231 453 389 232 
454 386 231 453 389 232 459 394 231 
430 373 231 443 378 231 450 383 231 
430 373 231 450 383 231 435 379 230 
450 383 231 457 390 230 439 386 230 
450 383 231 439 386 230 435 379 230 
476 431 231 476 422 230 473 409 231 
476 431 231 473 409 231 473 418 231 
382 354 232 391 355 231 384 357 231 
382 354 232 384 357 231 376 356 231 
343 406 231 343 408 231 343 411 231 
343 406 231 343 411 231 343 411 231 
341 403 231 340 409 231 338 405 231 
341 403 231 338 405 231 339 401 231 
441 395 229 460 401 230 461 415 229 
441 395 229 461 415 229 442 408 229 
439 423 229 421 420 229 423 405 229 
439 423 229 423 405 229 442 408 229 
407 404 229 423 405 229 421 420 229 
407 404 229 421 420 229 405 418 229 
394 403 229 382 402 229 384 391 230 
394 403 229 384 391 230 394 389 230 
352 397 230 349 399 230 350 399 230 
352 397 230 350 399 230 351 397 230 
347 403 230 349 405 230 344 410 230 
347 403 230 344 410 230 343 409 230 
384 460 229 391 448 228 409 451 228 
384 460 229 409 451 228 405 463 228 
372 443 229 381 431 229 398 434 228 
372 443 229 398 434 228 391 448 228 
384 460 229 366 454 229 372 443 229 
384 460 229 372 443 229 391 448 228 
352 407 230 357 409 230 350 417 230 
352 407 230 350 417 230 346 413 230 
352 397 230 353 396 230 350 399 230 
352 397 230 350 399 230 349 399 230 
360 365 232 353 366 232 353 371 233 
360 365 232 353 371 233 360 370 233 
343 367 232 346 365 232 343 368 232 
343 367 232 343 368 232 341 370 232 
424 359 231 427 366 231 415 362 231 
424 359 231 415 362 231 412 356 231 
344 401 231 345 396 231 343 400 231 
344 401 231 343 400 231 343 403 231 
346 402 230 342 407 230 342 406 230 
346 402 230 342 406 230 346 401 230 
342 376 232 341 377 232 342 377 232 
342 376 232 342 377 232 343 377 232 
343 375 232 342 376 232 343 377 232 
343 375 232 343 377 232 344 376 232 
336 383 232 333 388 232 334 385 232 
336 383 232 334 385 232 337 381 232 
333 396 232 331 395 232 330 393 232 
333 396 232 330 393 232 332 395 232 
334 385 232 337 384 232 339 381 232 
334 385 232 339 381 232 337 381 232 
339 381 232 337 384 232 340 387 232 
339 381 232 340 387 232 341 384 232 
332 392 232 336 391 232 335 388 232 
332 392 232 335 388 232 332 390 232 
379 482 229 361 474 229 361 469 229 
379 482 229 361 469 229 380 476 229 
340 394 231 341 390 231 342 392 231 
340 394 231 342 392 231 341 397 231 
344 400 230 343 403 231 342 403 231 
344 400 230 342 403 231 344 400 230 
347 401 230 342 406 230 342 406 230 
347 401 230 342 406 230 347 400 230 
344 411 231 343 409 231 344 410 231 
344 411 231 344 410 231 345 411 231 
345 412 231 345 411 231 345 412 231 
345 412 231 345 412 231 346 412 231 
343 367 232 348 363 232 350 362 232 
343 367 232 350 362 232 346 365 232 
343 367 232 341 370 232 339 374 232 
343 367 232 339 374 232 341 370 232 
349 399 230 350 400 230 351 399 230 
349 399 230 351 399 230 350 399 230 
344 410 231 345 409 231 346 411 231 
344 410 231 346 411 231 345 412 231 
345 409 231 344 410 231 343 407 231 
345 409 231 343 407 231 344 406 231 
344 400 230 347 399 230 348 399 230 
344 400 230 348 399 230 345 400 230 
342 406 230 341 410 230 342 411 230 
342 406 230 342 411 230 343 407 230 
349 398 230 349 398 230 350 398 230 
349 398 230 350 398 230 350 398 230 
350 397 230 351 397 230 350 398 230 
350 397 230 350 398 230 349 398 230 
350 399 230 346 401 230 347 401 230 
350 399 230 347 401 230 349 398 230 
342 406 230 342 406 230 340 411 230 
342 406 230 340 411 230 340 411 230 
343 412 231 343 413 231 343 411 231 
343 412 231 343 411 231 344 411 231 
344 367 232 348 363 232 351 364 232 
344 367 232 351 364 232 346 367 232 
353 362 232 348 363 232 346 367 232 
353 362 232 346 367 232 353 366 232 
358 359 232 367 357 232 363 362 231 
358 359 232 363 362 231 356 363 232 
346 378 232 345 379 232 344 379 232 
346 378 232 344 379 232 344 377 232 
343 373 232 343 373 232 343 370 232 
343 373 232 343 370 232 344 371 232 
330 393 232 333 388 232 334 389 232 
330 393 232 334 389 232 332 395 232 
333 388 232 336 383 232 336 383 232 
333 388 232 336 383 232 334 389 232 
343 399 231 341 403 231 339 401 231 
343 399 231 339 401 231 341 397 231 
341 390 231 342 385 231 344 386 231 
341 390 231 344 386 231 342 392 231 
337 410 231 336 405 231 337 402 231 
337 410 231 337 402 231 338 405 231 
337 418 231 334 415 231 336 413 231 
337 418 231 336 413 231 338 416 231 
337 402 231 339 398 231 339 401 231 
337 402 231 339 401 231 338 405 231 
336 423 231 339 418 231 339 416 230 
336 423 231 339 416 230 336 420 230 
340 411 230 340 413 230 339 416 230 
340 411 230 339 416 230 340 414 230 
346 413 230 350 417 230 344 424 230 
346 413 230 344 424 230 341 419 230 
342 414 231 343 413 231 343 412 231 
342 414 231 343 412 231 343 413 231 
345 412 231 344 412 231 343 413 231 
345 412 231 343 413 231 343 412 231 
344 412 231 345 412 231 346 412 231 
344 412 231 346 412 231 345 412 231 
363 401 230 372 402 229 365 411 229 
363 401 230 365 411 229 357 409 230 
436 351 232 437 358 231 422 352 231 
436 351 232 422 352 231 420 347 232 
380 352 233 378 357 233 372 362 233 
380 352 233 372 362 233 375 357 233 
403 356 231 412 356 231 415 362 231 
403 356 231 415 362 231 407 361 231 
341 373 232 343 373 232 343 375 232 
341 373 232 343 375 232 341 376 232 
403 356 231 396 356 231 388 355 232 
403 356 231 388 355 232 395 352 232 
403 356 231 407 361 231 401 361 231 
403 356 231 401 361 231 396 356 231 
462 391 231 466 400 231 473 409 231 
462 391 231 473 409 231 469 399 230 
453 396 232 460 402 232 459 394 231 
453 396 232 459 394 231 453 389 232 
460 402 232 467 409 231 466 400 231 
460 402 232 466 400 231 459 394 231 
471 451 229 471 460 230 458 473 229 
471 451 229 458 473 229 458 465 229 
441 482 229 441 475 229 458 465 229 
441 482 229 458 465 229 458 473 229 
453 389 232 450 383 232 450 390 232 
453 389 232 450 390 232 453 396 232 
472 425 229 476 436 230 471 451 229 
472 425 229 471 451 229 467 440 229 
441 482 229 422 485 229 422 479 229 
441 482 229 422 479 229 441 475 229 
395 352 232 409 350 232 412 356 231 
395 352 232 412 356 231 403 356 231 
412 356 231 409 350 232 422 352 231 
412 356 231 422 352 231 424 359 231 
437 358 231 438 364 231 424 359 231 
437 358 231 424 359 231 422 352 231 
438 364 231 437 358 231 445 368 232 
438 364 231 445 368 232 446 374 232 
450 383 232 448 377 232 447 384 232 
450 383 232 447 384 232 450 390 232 
442 408 229 461 415 229 457 430 229 
442 408 229 457 430 229 439 423 229 
476 445 230 476 436 230 476 422 230 
476 445 230 476 422 230 476 431 231 
461 415 229 460 401 230 472 411 230 
461 415 229 472 411 230 472 425 229 
407 393 229 422 392 230 423 405 229 
407 393 229 423 405 229 407 404 229 
339 431 230 343 438 229 340 445 230 
339 431 230 340 445 230 337 437 230 
339 455 230 337 446 230 336 442 230 
339 455 230 336 442 230 339 450 230 
336 442 230 335 434 230 335 430 230 
336 442 230 335 430 230 337 437 230 
361 474 229 348 465 230 348 460 229 
361 474 229 348 460 229 361 469 229 
339 450 230 348 460 229 348 465 230 
339 450 230 348 465 230 339 455 230 
355 385 230 352 382 231 356 377 231 
355 385 230 356 377 231 360 380 230 
360 380 230 356 377 231 362 372 231 
360 380 230 362 372 231 365 376 230 
372 371 230 365 376 230 362 372 231 
372 371 230 362 372 231 369 368 231 
354 360 232 358 359 232 351 364 232 
354 360 232 351 364 232 348 363 232 
341 373 232 342 370 232 343 370 232 
341 373 232 343 370 232 343 373 232 
341 376 232 343 375 232 343 377 232 
341 376 232 343 377 232 342 378 232 
342 378 232 343 377 232 344 377 232 
342 378 232 344 377 232 344 379 232 
349 397 230 351 394 230 352 395 230 
349 397 230 352 395 230 350 397 230 
349 398 230 349 398 230 347 399 230 
349 398 230 347 399 230 348 398 230 
349 398 230 349 399 230 347 399 230 
349 398 230 347 399 230 347 399 230 
348 398 230 349 397 230 350 397 230 
348 398 230 350 397 230 349 398 230 
359 437 229 349 430 229 356 421 229 
359 437 229 356 421 229 367 426 229 
353 446 229 343 438 229 349 430 229 
353 446 229 349 430 229 359 437 229 
357 409 230 365 411 229 356 421 229 
357 409 230 356 421 229 350 417 230 
346 402 230 349 399 230 350 399 230 
346 402 230 350 399 230 347 403 230 
346 402 230 347 403 230 343 409 230 
346 402 230 343 409 230 342 407 230 
342 407 230 343 409 230 340 413 230 
342 407 230 340 413 230 340 411 230 
344 372 231 346 371 231 344 375 231 
344 372 231 344 375 231 342 376 231 
343 368 232 341 371 232 339 374 232 
343 368 232 339 374 232 341 370 232 
343 368 232 344 367 232 342 370 232 
343 368 232 342 370 232 341 371 232 
348 368 231 345 370 232 346 368 232 
348 368 231 346 368 232 350 365 232 
337 388 231 340 388 231 340 391 231 
337 388 231 340 391 231 337 392 231 
337 400 231 336 398 231 337 394 231 
337 400 231 337 394 231 335 396 231 
336 393 231 338 394 231 335 397 231 
336 393 231 335 397 231 333 396 231 
336 393 231 335 396 231 335 396 231 
336 393 231 335 396 231 337 394 231 
338 421 231 340 417 231 339 418 231 
338 421 231 339 418 231 336 423 231 
352 382 231 348 381 231 352 375 231 
352 382 231 352 375 231 356 377 231 
359 362 232 353 362 232 353 366 232 
359 362 232 353 366 232 360 365 232 
340 388 232 340 391 232 337 391 232 
340 388 232 337 391 232 337 388 232 
337 388 232 334 386 232 336 382 232 
337 388 232 336 382 232 339 384 232 
336 380 232 336 385 232 339 383 232 
336 380 232 339 383 232 339 378 232 
332 387 232 336 385 232 336 380 232 
332 387 232 336 380 232 333 382 232 
339 374 232 339 378 232 339 383 232 
339 374 232 339 383 232 339 380 232 
339 374 232 339 380 232 341 375 233 
339 374 232 341 375 233 341 370 232 
348 394 230 345 396 231 349 388 231 
348 394 230 349 388 231 352 389 230 
345 396 231 348 394 230 346 397 230 
345 396 231 346 397 230 343 400 231 
342 403 231 343 402 231 345 399 230 
342 403 231 345 399 230 344 400 230 
342 403 231 343 403 231 343 407 231 
342 403 231 343 407 231 342 406 231 
345 396 231 344 401 231 343 399 231 
345 396 231 343 399 231 343 393 231 
343 399 231 341 397 231 342 392 231 
343 399 231 342 392 231 343 393 231 
329 403 232 329 402 232 326 404 231 
329 403 232 326 404 231 325 406 232 
330 402 231 329 402 232 334 401 232 
330 402 231 334 401 232 334 401 232 
340 409 231 341 403 231 343 406 231 
340 409 231 343 406 231 343 411 231 
342 406 230 347 401 230 346 401 230 
342 406 230 346 401 230 342 406 230 
343 402 231 342 405 231 343 403 231 
343 402 231 343 403 231 343 400 231 
350 399 230 349 398 230 350 398 230 
350 399 230 350 398 230 351 397 230 
343 409 231 344 411 231 343 411 231 
343 409 231 343 411 231 343 408 231 
341 413 231 342 414 231 343 413 231 
341 413 231 343 413 231 341 413 231 
341 413 231 341 413 231 340 411 230 
341 413 231 340 411 230 340 411 230 
343 408 231 343 403 231 342 405 231 
343 408 231 342 405 231 343 409 231 
348 398 230 347 399 230 344 400 230 
348 398 230 344 400 230 345 399 230 
345 399 230 343 402 231 343 400 231 
345 399 230 343 400 231 346 397 230 
347 399 230 347 399 230 344 400 230 
347 399 230 344 400 230 344 400 230 
343 413 231 342 414 231 341 415 231 
343 413 231 341 415 231 342 414 231 
340 413 231 338 416 231 336 413 231 
340 413 231 336 413 231 337 410 231 
335 397 231 333 396 231 331 399 231 
335 397 231 331 399 231 333 400 231 
333 396 231 335 397 231 331 401 231 
333 396 231 331 401 231 331 399 231 
367 393 230 363 401 230 358 400 230 
367 393 230 358 400 230 361 394 230 
363 389 230 368 387 230 367 393 230 
363 389 230 367 393 230 361 394 230 
368 381 230 362 384 230 360 380 230 
368 381 230 360 380 230 365 376 230 
358 365 231 364 366 231 358 370 231 
358 365 231 358 370 231 353 370 231 
358 370 231 364 366 231 369 368 231 
358 370 231 369 368 231 362 372 231 
363 362 231 358 365 231 353 366 231 
363 362 231 353 366 231 356 363 232 
349 370 231 346 371 231 348 368 231 
349 370 231 348 368 231 353 366 231 
380 368 231 372 371 230 369 368 231 
380 368 231 369 368 231 376 363 231 
345 370 232 348 368 231 346 371 231 
345 370 232 346 371 231 344 372 231 
346 368 232 345 370 232 343 372 232 
346 368 232 343 372 232 344 371 232 
343 375 232 343 374 232 342 375 232 
343 375 232 342 375 232 342 376 232 
368 387 230 368 381 230 374 377 230 
368 387 230 374 377 230 376 384 230 
394 389 230 407 393 229 407 404 229 
394 389 230 407 404 229 394 403 229 
351 394 230 349 397 230 346 397 230 
351 394 230 346 397 230 348 394 230 
349 397 230 348 398 230 345 399 230 
349 397 230 345 399 230 346 397 230 
372 371 230 374 377 230 368 381 230 
372 371 230 368 381 230 365 376 230 
335 399 232 336 400 232 334 398 232 
335 399 232 334 398 232 334 396 232 
341 390 231 340 389 231 341 384 231 
341 390 231 341 384 231 342 385 231 
340 388 231 340 389 231 340 393 231 
340 388 231 340 393 231 340 391 231 
337 388 231 338 383 231 341 384 231 
337 388 231 341 384 231 340 388 231 
338 383 231 337 388 231 334 389 232 
338 383 231 334 389 232 336 383 232 
337 392 231 334 394 232 334 389 232 
337 392 231 334 389 232 337 388 231 
336 383 232 337 381 232 340 379 232 
336 383 232 340 379 232 339 379 232 
337 381 232 339 381 232 342 379 232 
337 381 232 342 379 232 340 379 232 
342 379 232 339 381 232 341 384 232 
342 379 232 341 384 232 343 381 232 
336 383 232 339 379 232 338 380 232 
336 383 232 338 380 232 336 383 232 
329 402 231 331 401 231 333 400 231 
329 402 231 333 400 231 331 399 231 
332 404 231 336 401 231 336 405 231 
332 404 231 336 405 231 334 408 231 
340 417 231 338 416 231 340 413 231 
340 417 231 340 413 231 342 414 231 
338 421 231 337 418 231 338 416 231 
338 421 231 338 416 231 340 417 231 
337 424 231 336 421 231 337 418 231 
337 424 231 337 418 231 338 421 231 
337 426 231 335 422 231 336 421 231 
337 426 231 336 421 231 337 424 231 
422 479 229 401 480 229 402 472 229 
422 479 229 402 472 229 422 471 229 
363 462 229 381 469 229 380 476 229 
363 462 229 380 476 229 361 469 229 
349 454 229 353 446 229 366 454 229 
349 454 229 366 454 229 363 462 229 
442 408 229 423 405 229 422 392 230 
442 408 229 422 392 230 441 395 229 
343 370 232 342 370 232 344 367 232 
343 370 232 344 367 232 346 367 232 
333 382 232 334 386 232 333 390 232 
333 382 232 333 390 232 332 387 232 
350 399 230 349 399 230 350 399 230 
350 399 230 350 399 230 351 399 230 
387 349 232 385 354 232 378 357 233 
387 349 232 378 357 233 380 352 233 
409 350 232 407 344 232 420 347 232 
409 350 232 420 347 232 422 352 231 
445 368 232 444 363 232 446 372 232 
445 368 232 446 372 232 448 377 232 
395 352 232 394 345 232 407 344 232 
395 352 232 407 344 232 409 350 232 
395 352 232 388 355 232 377 357 232 
395 352 232 377 357 232 385 354 232 
448 377 232 446 372 232 446 379 232 
448 377 232 446 379 232 447 384 232 
423 461 228 436 456 228 440 466 229 
423 461 228 440 466 229 422 471 229 
439 372 231 438 364 231 446 374 232 
439 372 231 446 374 232 449 380 231 
458 465 229 456 455 229 467 440 229 
458 465 229 467 440 229 471 451 229 
454 386 231 462 391 231 450 383 231 
454 386 231 450 383 231 443 378 231 
449 380 231 454 386 231 443 378 231 
449 380 231 443 378 231 439 372 231 
460 401 230 457 390 230 469 399 230 
460 401 230 469 399 230 472 411 230 
461 415 229 472 425 229 467 440 229 
461 415 229 467 440 229 457 430 229 
446 374 232 445 368 232 448 377 232 
446 374 232 448 377 232 450 383 232 
472 425 229 472 411 230 476 422 230 
472 425 229 476 422 230 476 436 230 
444 363 232 445 368 232 437 358 231 
444 363 232 437 358 231 436 351 232 
346 387 231 348 381 231 352 382 231 
346 387 231 352 382 231 349 388 231 
362 384 230 363 389 230 358 391 230 
362 384 230 358 391 230 357 388 230 
365 411 229 376 414 229 367 426 229 
365 411 229 367 426 229 356 421 229 
365 411 229 372 402 229 382 402 229 
365 411 229 382 402 229 376 414 229 
433 439 228 426 452 228 409 451 228 
433 439 228 409 451 228 416 436 228 
448 444 229 456 455 229 440 466 229 
448 444 229 440 466 229 436 456 228 
342 392 231 344 386 231 346 387 231 
342 392 231 346 387 231 343 393 231 
340 389 231 340 388 231 341 384 231 
340 389 231 341 384 231 341 384 231 
344 386 231 342 385 231 343 380 231 
344 386 231 343 380 231 345 380 231 
341 384 231 342 380 231 343 380 231 
341 384 231 343 380 231 342 385 231 
341 384 231 338 383 231 340 380 231 
341 384 231 340 380 231 341 380 231 
336 383 232 338 380 232 340 380 231 
336 383 232 340 380 231 338 383 231 
335 399 232 334 401 232 334 402 232 
335 399 232 334 402 232 336 400 232 
336 393 231 337 394 231 340 393 231 
336 393 231 340 393 231 338 394 231 
406 375 230 403 374 230 400 374 230 
406 375 230 400 374 230 404 374 230 
399 380 230 400 374 230 403 374 230 
399 380 230 403 374 230 402 378 230 
405 385 230 399 380 230 402 378 230 
405 385 230 402 378 230 406 381 230 
415 384 229 405 385 230 406 381 230 
415 384 229 406 381 230 414 381 229 
422 382 230 415 384 229 414 381 229 
422 382 230 414 381 229 420 379 230 
425 376 230 422 382 230 420 379 230 
425 376 230 420 379 230 422 374 230 
424 369 230 425 376 230 422 374 230 
424 369 230 422 374 230 422 367 230 
410 361 231 417 364 230 415 363 230 
410 361 231 415 363 230 409 361 230 
403 359 231 410 361 231 409 361 230 
403 359 231 409 361 230 402 358 231 
407 382 230 406 381 230 402 378 230 
407 382 230 402 378 230 404 380 230 
414 382 230 414 381 229 406 381 230 
414 382 230 406 381 230 407 382 230 
418 380 230 420 379 230 414 381 229 
418 380 230 414 381 229 414 382 230 
420 376 230 422 374 230 420 379 230 
420 376 230 420 379 230 418 380 230 
422 374 230 420 376 230 421 369 230 
422 374 230 421 369 230 422 367 230 
415 363 230 413 364 230 407 362 230 
415 363 230 407 362 230 409 361 230 
401 361 230 402 358 231 409 361 230 
401 361 230 409 361 230 407 362 230 
397 364 230 397 361 231 402 358 231 
397 364 230 402 358 231 401 361 230 
406 369 230 404 374 230 402 370 230 
406 369 230 402 370 230 403 368 230 
395 377 230 400 374 230 399 380 230 
395 377 230 399 380 230 397 384 230 
399 380 230 405 385 230 405 387 230 
399 380 230 405 387 230 397 384 230 
416 386 230 405 387 230 405 385 230 
416 386 230 405 385 230 415 384 229 
422 381 230 416 386 230 422 382 230 
422 381 230 422 382 230 425 376 230 
422 381 230 425 376 230 424 369 230 
422 381 230 424 369 230 422 374 230 
417 364 230 410 361 231 410 365 231 
417 364 230 410 365 231 416 369 231 
403 359 231 402 363 231 410 365 231 
403 359 231 410 365 231 410 361 231 
403 359 231 397 361 231 396 364 231 
403 359 231 396 364 231 402 363 231 
397 364 230 394 366 230 396 364 231 
397 364 230 396 364 231 397 361 231 
402 378 230 403 374 230 406 375 230 
402 378 230 406 375 230 404 380 230 
406 369 230 406 365 230 411 367 230 
406 369 230 411 367 230 410 371 230 
406 369 230 403 368 230 401 365 230 
406 369 230 401 365 230 406 365 230 
401 365 230 403 368 230 402 370 230 
401 365 230 402 370 230 399 367 230 
402 370 230 404 374 230 400 374 230 
402 370 230 400 374 230 399 367 230 
414 382 230 411 376 230 420 376 230 
414 382 230 420 376 230 418 380 230 
411 376 230 417 369 230 421 369 230 
411 376 230 421 369 230 420 376 230 
413 364 230 415 363 230 422 367 230 
413 364 230 422 367 230 421 369 230 
422 367 230 415 363 230 417 364 230 
422 367 230 417 364 230 424 369 230 
416 369 231 422 374 230 424 369 230 
416 369 231 424 369 230 417 364 230 
411 376 230 414 382 230 407 382 230 
411 376 230 407 382 230 404 380 230 
411 367 230 413 364 230 421 369 230 
411 367 230 421 369 230 417 369 230 
404 374 230 406 369 230 410 371 230 
404 374 230 410 371 230 406 375 230 
397 364 230 401 361 230 401 365 230 
397 364 230 401 365 230 399 367 230 
411 367 230 406 365 230 407 362 230 
411 367 230 407 362 230 413 364 230 
400 374 230 395 377 230 394 371 230 
400 374 230 394 371 230 399 367 230 
394 371 230 394 366 230 397 364 230 
394 371 230 397 364 230 399 367 230 
425 377 230 422 374 230 416 369 231 
425 377 230 416 369 231 419 369 231 
425 377 230 426 384 230 422 381 230 
425 377 230 422 381 230 422 374 230 
410 365 231 407 361 231 415 362 231 
410 365 231 415 362 231 419 369 231 
410 365 231 402 363 231 401 361 231 
410 365 231 401 361 231 407 361 231 
426 384 230 422 392 230 416 386 230 
426 384 230 416 386 230 422 381 230 
439 386 230 441 395 229 422 392 230 
439 386 230 422 392 230 426 384 230 
427 366 231 430 373 231 419 369 231 
427 366 231 419 369 231 415 362 231 
430 373 231 435 379 230 425 377 230 
430 373 231 425 377 230 419 369 231 
395 377 230 390 379 230 389 372 230 
395 377 230 389 372 230 394 371 230 
394 366 230 389 364 231 396 361 231 
394 366 230 396 361 231 396 364 231 
401 365 230 401 361 230 407 362 230 
401 365 230 407 362 230 406 365 230 
394 389 230 397 384 230 405 387 230 
394 389 230 405 387 230 407 393 229 
396 364 231 396 361 231 401 361 231 
396 364 231 401 361 231 402 363 231 
360 370 233 367 369 233 367 364 232 
360 370 233 367 364 232 360 365 232 
340 417 231 342 414 231 341 415 231 
340 417 231 341 415 231 339 418 231 
358 391 230 355 393 230 354 391 230 
358 391 230 354 391 230 357 388 230 
390 379 230 383 381 230 382 373 230 
390 379 230 382 373 230 389 372 230 
363 389 230 362 384 230 368 381 230 
363 389 230 368 381 230 368 387 230 
376 384 230 374 377 230 382 373 230 
376 384 230 382 373 230 383 381 230 
355 393 230 352 395 230 351 394 230 
355 393 230 351 394 230 354 391 230 
389 364 231 394 366 230 394 371 230 
389 364 231 394 371 230 389 372 230 
329 402 231 330 402 231 331 402 231 
329 402 231 331 402 231 331 401 231 
338 380 232 341 377 232 341 376 232 
338 380 232 341 376 232 340 380 231 
342 373 232 341 376 232 341 377 232 
342 373 232 341 377 232 342 375 232 
344 371 232 343 372 232 343 374 232 
344 371 232 343 374 232 343 373 232 
346 387 231 349 388 231 345 396 231 
346 387 231 345 396 231 343 393 231 
395 352 232 385 354 232 387 349 232 
395 352 232 387 349 232 394 345 232 
457 390 230 460 401 230 441 395 229 
457 390 230 441 395 229 439 386 230 
473 418 231 473 409 231 466 400 231 
473 418 231 466 400 231 467 409 231 
473 409 231 476 422 230 472 411 230 
473 409 231 472 411 230 469 399 230 
457 390 230 450 383 231 462 391 231 
457 390 230 462 391 231 469 399 230 
425 377 230 435 379 230 439 386 230 
425 377 230 439 386 230 426 384 230 
395 377 230 397 384 230 394 389 230 
395 377 230 394 389 230 390 379 230 
381 469 229 384 460 229 405 463 228 
381 469 229 405 463 228 402 472 229 
398 434 228 405 418 229 421 420 229 
398 434 228 421 420 229 416 436 228 
391 448 228 398 434 228 416 436 228 
391 448 228 416 436 228 409 451 228 
379 482 229 380 476 229 401 480 229 
379 482 229 401 480 229 400 486 229 
422 392 230 407 393 229 405 387 230 
422 392 230 405 387 230 416 386 230 
336 423 231 336 428 231 337 424 231 
336 423 231 337 424 231 338 421 231 
336 431 231 337 426 231 337 424 231 
336 431 231 337 424 231 336 428 231 
342 387 232 343 383 232 347 379 232 
342 387 232 347 379 232 345 387 232 
349 375 232 347 379 232 345 380 232 
349 375 232 345 380 232 346 378 232 
350 376 232 349 375 232 346 378 232 
350 376 232 346 378 232 347 377 232 
348 377 232 350 376 232 347 377 232 
348 377 232 347 377 232 348 377 232 
347 384 232 358 395 232 360 381 232 
347 384 232 360 381 232 352 379 232 
348 379 232 352 379 232 350 376 232 
348 379 232 350 376 232 348 377 232 
349 375 232 355 376 232 360 377 232 
349 375 232 360 377 232 347 379 232 
349 399 230 347 400 230 347 403 230 
349 399 230 347 403 230 350 400 230 
343 407 230 347 403 230 347 400 230 
343 407 230 347 400 230 342 406 230 
348 411 231 349 413 231 346 412 231 
348 411 231 346 412 231 346 411 231 
348 411 231 346 411 231 345 409 231 
348 411 231 345 409 231 346 407 231 
348 399 230 351 400 230 347 403 231 
348 399 230 347 403 231 345 400 230 
342 411 230 341 410 230 343 412 231 
342 411 230 343 412 231 344 413 231 
343 403 231 344 400 230 345 400 230 
343 403 231 345 400 230 344 403 231 
343 403 231 344 403 231 344 406 231 
343 403 231 344 406 231 343 407 231 
351 400 230 350 399 230 351 399 230 
351 400 230 351 399 230 352 402 230 
347 399 230 349 399 230 350 399 230 
347 399 230 350 399 230 348 399 230 
352 402 230 350 400 230 347 403 230 
352 402 230 347 403 230 349 406 230 
349 406 230 347 403 230 343 407 230 
349 406 230 343 407 230 346 411 230 
345 412 231 346 414 231 344 413 231 
345 412 231 344 413 231 343 412 231 
344 413 231 347 414 231 346 411 230 
344 413 231 346 411 230 342 411 230 
344 406 231 344 403 231 347 403 231 
344 406 231 347 403 231 346 407 231 
346 414 231 348 414 231 347 414 231 
346 414 231 347 414 231 344 413 231 
346 413 231 346 412 231 349 413 231 
346 413 231 349 413 231 348 414 231 
358 359 232 354 360 232 358 359 232 
358 359 232 358 359 232 364 357 232 
346 367 232 341 370 232 341 375 233 
346 367 232 341 375 233 347 373 233 
367 369 233 369 366 233 373 361 232 
367 369 233 373 361 232 367 364 232 
364 357 232 358 359 232 359 362 232 
364 357 232 359 362 232 367 360 232 
396 356 231 401 361 231 396 361 231 
396 356 231 396 361 231 391 355 231 
411 367 230 417 369 230 411 376 230 
411 367 230 411 376 230 410 371 230 
335 397 231 333 400 231 334 403 231 
335 397 231 334 403 231 337 400 231 
335 396 231 335 396 231 335 397 231 
335 396 231 335 397 231 337 400 231 
345 390 232 345 395 232 359 401 232 
345 390 232 359 401 232 358 395 232 
347 379 232 360 377 232 359 384 232 
347 379 232 359 384 232 345 387 232 
360 377 232 370 388 232 370 392 232 
360 377 232 370 392 232 359 384 232 
358 395 232 359 401 232 370 392 232 
358 395 232 370 392 232 370 388 232 
436 339 232 438 332 232 450 342 232 
436 339 232 450 342 232 447 350 232 
381 341 233 383 335 233 386 343 233 
381 341 233 386 343 233 381 347 233 
419 340 232 405 337 232 403 325 232 
419 340 232 403 325 232 419 332 232 
410 316 232 421 323 232 419 332 232 
410 316 232 419 332 232 403 325 232 
379 334 233 374 329 234 375 323 233 
379 334 233 375 323 233 380 328 233 
438 332 232 421 323 232 423 312 232 
438 332 232 423 312 232 442 322 232 
395 316 233 389 308 233 400 303 232 
395 316 233 400 303 232 402 311 232 
380 328 233 375 323 233 381 315 233 
380 328 233 381 315 233 388 321 233 
381 315 233 389 308 233 395 316 233 
381 315 233 395 316 233 388 321 233 
456 332 232 458 343 233 452 353 233 
456 332 232 452 353 233 450 342 232 
452 353 233 452 363 233 448 370 233 
452 353 233 448 370 233 448 360 232 
456 356 233 452 363 233 452 353 233 
456 356 233 452 353 233 458 343 233 
438 332 232 442 322 232 456 332 232 
438 332 232 456 332 232 450 342 232 
419 332 232 421 323 232 438 332 232 
419 332 232 438 332 232 436 339 232 
403 325 232 395 316 233 402 311 232 
403 325 232 402 311 232 410 316 232 
400 303 232 412 305 232 410 316 232 
400 303 232 410 316 232 402 311 232 
423 312 232 421 323 232 410 316 232 
423 312 232 410 316 232 412 305 232 
445 357 232 446 366 232 446 372 232 
445 357 232 446 372 232 444 363 232 
391 329 233 403 325 232 405 337 232 
391 329 233 405 337 232 393 337 232 
391 329 233 393 337 232 386 343 233 
391 329 233 386 343 233 383 335 233 
446 374 233 446 379 232 446 372 232 
446 374 233 446 372 232 446 366 232 
381 341 233 379 334 233 380 328 233 
381 341 233 380 328 233 383 335 233 
388 321 233 395 316 233 403 325 232 
388 321 233 403 325 232 391 329 233 
391 329 233 383 335 233 380 328 233 
391 329 233 380 328 233 388 321 233 
382 338 234 379 334 233 381 341 233 
382 338 234 381 341 233 382 346 233 
419 340 232 419 332 232 436 339 232 
419 340 232 436 339 232 435 345 232 
374 329 234 379 334 233 382 338 234 
374 329 234 382 338 234 376 334 234 
419 340 232 435 345 232 436 351 232 
419 340 232 436 351 232 420 347 232 
378 353 233 381 347 233 380 352 233 
378 353 233 380 352 233 375 357 233 
450 342 232 452 353 233 448 360 232 
450 342 232 448 360 232 447 350 232 
435 345 232 445 357 232 444 363 232 
435 345 232 444 363 232 436 351 232 
381 347 233 386 343 233 387 349 232 
381 347 233 387 349 232 380 352 233 
420 347 232 407 344 232 405 337 232 
420 347 232 405 337 232 419 340 232 
447 350 232 448 360 232 446 366 232 
447 350 232 446 366 232 445 357 232 
393 337 232 405 337 232 407 344 232 
393 337 232 407 344 232 394 345 232 
386 343 233 393 337 232 394 345 232 
386 343 233 394 345 232 387 349 232 
448 370 233 446 374 233 446 366 232 
448 370 233 446 366 232 448 360 232 
382 346 233 381 341 233 381 347 233 
382 346 233 381 347 233 378 353 233 
436 339 232 447 350 232 445 357 232 
436 339 232 445 357 232 435 345 232 
462 347 233 456 356 233 458 343 233 
462 347 233 458 343 233 465 332 233 
445 309 232 442 322 232 423 312 232 
445 309 232 423 312 232 426 300 232 
442 322 232 445 309 232 460 319 232 
442 322 232 460 319 232 456 332 232 
372 314 233 375 323 233 374 329 234 
372 314 233 374 329 234 369 323 234 
386 299 233 389 308 233 381 315 233 
386 299 233 381 315 233 377 307 233 
423 312 232 412 305 232 411 294 232 
423 312 232 411 294 232 426 300 232 
397 294 232 400 303 232 389 308 233 
397 294 232 389 308 233 386 299 233 
460 319 232 465 332 233 458 343 233 
460 319 232 458 343 233 456 332 232 
369 323 234 374 329 234 376 334 234 
369 323 234 376 334 234 371 330 234 
375 323 233 372 314 233 377 307 233 
375 323 233 377 307 233 381 315 233 
397 294 232 411 294 232 412 305 232 
397 294 232 412 305 232 400 303 232 
347 400 230 347 400 230 342 406 230 
347 400 230 342 406 230 342 406 230 
344 376 232 343 375 232 343 375 232 
344 376 232 343 375 232 344 376 232 
349 399 230 350 399 230 350 398 230 
349 399 230 350 398 230 349 399 230 
350 376 232 352 379 232 355 376 232 
350 376 232 355 376 232 349 375 232 
347 400 230 349 399 230 349 399 230 
347 400 230 349 399 230 347 400 230 
345 377 232 344 376 232 344 376 232 
345 377 232 344 376 232 345 377 232 
343 378 232 345 377 232 343 377 232 
343 378 232 343 377 232 342 377 232 
348 398 232 349 400 232 348 400 232 
348 398 232 348 400 232 347 399 232 
346 401 232 345 395 232 340 394 232 
346 401 232 340 394 232 341 397 232 
342 393 232 344 395 232 342 396 232 
342 393 232 342 396 232 341 394 232 
346 397 232 345 398 232 342 396 232 
346 397 232 342 396 232 344 395 232 
346 397 232 348 398 232 347 399 232 
346 397 232 347 399 232 345 398 232 
348 402 232 348 402 232 350 402 232 
348 402 232 350 402 232 350 403 232 
349 401 232 348 401 232 348 400 232 
349 401 232 348 400 232 349 400 232 
350 402 232 348 402 232 348 401 232 
350 402 232 348 401 232 349 401 232 
348 402 232 350 403 232 349 404 232 
348 402 232 349 404 232 347 401 232 
342 393 232 341 394 232 340 391 232 
342 393 232 340 391 232 342 390 232 
346 401 232 342 399 232 345 400 232 
346 401 232 345 400 232 349 404 232 
366 391 233 360 398 233 369 404 233 
366 391 233 369 404 233 374 398 233 
352 424 232 356 421 233 352 416 233 
352 424 232 352 416 233 349 419 232 
435 411 233 423 414 233 425 421 233 
435 411 233 425 421 233 437 417 233 
385 458 232 394 459 232 391 449 232 
385 458 232 391 449 232 385 450 232 
378 389 233 385 384 233 378 372 233 
378 389 233 378 372 233 374 376 233 
359 386 233 355 383 233 352 385 233 
359 386 233 352 385 233 355 390 233 
374 376 233 368 377 233 368 385 233 
374 376 233 368 385 233 378 389 233 
378 389 233 368 385 233 366 391 233 
378 389 233 366 391 233 374 398 233 
404 484 231 407 474 232 394 471 232 
404 484 231 394 471 232 390 480 231 
361 458 232 356 460 232 360 464 231 
361 458 232 360 464 231 366 461 232 
350 447 232 350 450 232 353 449 232 
350 447 232 353 449 232 353 447 232 
353 456 232 356 460 232 361 458 232 
353 456 232 361 458 232 357 455 232 
350 446 232 353 446 232 352 444 232 
350 446 232 352 444 232 350 444 232 
378 475 231 390 480 231 394 471 232 
378 475 231 394 471 232 384 467 232 
353 456 232 357 455 232 354 452 232 
353 456 232 354 452 232 350 453 232 
347 463 231 344 457 231 339 451 231 
347 463 231 339 451 231 341 459 231 
339 451 231 344 457 231 342 452 231 
339 451 231 342 452 231 338 445 231 
347 463 231 341 459 231 345 469 231 
347 463 231 345 469 231 352 472 231 
343 440 231 343 438 231 344 434 231 
343 440 231 344 434 231 343 435 231 
345 434 231 344 434 231 343 438 231 
345 434 231 343 438 231 344 438 231 
338 445 231 342 452 231 342 447 231 
338 445 231 342 447 231 341 441 231 
342 443 231 342 441 231 343 437 231 
342 443 231 343 437 231 342 438 231 
335 410 232 332 409 232 332 410 232 
335 410 232 332 410 232 334 412 232 
377 444 232 384 443 232 382 434 233 
377 444 232 382 434 233 375 437 233 
361 416 233 367 422 233 372 417 233 
361 416 233 372 417 233 365 410 233 
344 403 232 344 405 233 346 403 233 
344 403 232 346 403 233 345 402 233 
367 422 233 371 429 233 378 425 233 
367 422 233 378 425 233 372 417 233 
352 416 233 349 411 233 346 414 232 
352 416 233 346 414 232 349 419 232 
348 402 232 348 402 232 346 401 232 
348 402 232 346 401 232 347 401 232 
345 400 232 346 401 232 348 402 232 
345 400 232 348 402 232 347 401 232 
342 403 232 344 403 232 344 402 232 
342 403 232 344 402 232 343 402 232 
346 408 233 348 406 233 346 403 233 
346 408 233 346 403 233 344 405 233 
357 443 232 361 444 232 358 440 232 
357 443 232 358 440 232 355 440 232 
352 430 232 356 429 232 352 424 232 
352 430 232 352 424 232 349 425 232 
352 424 232 356 429 232 361 427 233 
352 424 232 361 427 233 356 421 233 
343 399 233 341 396 233 341 398 232 
343 399 233 341 398 232 343 400 232 
344 411 232 345 410 232 343 406 232 
344 411 232 343 406 232 341 407 232 
346 400 233 346 402 233 348 402 233 
346 400 233 348 402 233 348 399 233 
344 405 233 343 406 232 345 410 232 
344 405 233 345 410 232 346 408 233 
341 398 232 341 399 232 343 400 232 
341 398 232 343 400 232 343 400 232 
339 420 232 340 419 232 337 419 232 
339 420 232 337 419 232 337 420 232 
338 423 231 337 420 232 335 420 231 
338 423 231 335 420 231 336 423 231 
342 426 231 339 423 232 338 423 231 
342 426 231 338 423 231 341 426 231 
437 417 233 425 421 233 428 429 233 
437 417 233 428 429 233 441 425 232 
352 403 233 358 405 233 360 398 233 
352 403 233 360 398 233 353 398 233 
365 410 233 372 417 233 378 412 233 
365 410 233 378 412 233 369 404 233 
378 425 233 382 434 233 390 431 233 
378 425 233 390 431 233 385 420 233 
390 441 233 390 431 233 382 434 233 
390 441 233 382 434 233 384 443 232 
351 474 230 349 469 230 362 479 230 
351 474 230 362 479 230 364 484 230 
361 481 231 374 490 230 383 487 231 
361 481 231 383 487 231 370 480 231 
404 484 231 390 480 231 383 487 231 
404 484 231 383 487 231 398 492 231 
339 451 231 336 445 231 338 454 231 
339 451 231 338 454 231 341 459 231 
341 426 231 343 429 231 344 427 231 
341 426 231 344 427 231 342 426 231 
334 422 231 336 423 231 335 420 231 
334 422 231 335 420 231 333 419 231 
338 454 231 337 450 230 340 460 230 
338 454 231 340 460 230 342 464 230 
336 437 231 336 441 231 336 433 231 
336 437 231 336 433 231 336 431 231 
337 446 230 337 450 230 336 441 231 
337 446 230 336 441 231 336 437 231 
350 460 231 347 456 231 342 452 231 
350 460 231 342 452 231 344 457 231 
356 460 232 353 456 232 347 456 231 
356 460 232 347 456 231 350 460 231 
346 430 232 345 428 232 343 426 232 
346 430 232 343 426 232 345 428 232 
339 411 232 339 409 232 335 404 232 
339 411 232 335 404 232 337 407 232 
341 415 232 342 414 232 339 409 232 
341 415 232 339 409 232 339 411 232 
332 399 232 334 401 232 335 404 232 
332 399 232 335 404 232 335 403 232 
341 424 232 343 425 232 342 422 232 
341 424 232 342 422 232 340 421 232 
332 399 232 333 396 232 334 398 232 
332 399 232 334 398 232 334 401 232 
342 418 232 342 414 232 341 415 232 
342 418 232 341 415 232 342 418 232 
342 422 232 342 418 232 342 418 232 
342 422 232 342 418 232 340 421 232 
345 429 231 345 430 231 346 430 231 
345 429 231 346 430 231 346 430 231 
349 469 230 351 474 230 342 464 230 
349 469 230 342 464 230 340 460 230 
368 488 230 364 484 230 382 491 230 
368 488 230 382 491 230 385 495 230 
421 495 230 421 498 230 404 498 230 
421 495 230 404 498 230 402 495 229 
402 495 229 382 491 230 380 486 229 
402 495 229 380 486 229 401 490 229 
337 437 231 336 445 231 339 451 231 
337 437 231 339 451 231 338 445 231 
336 445 231 337 437 231 336 433 231 
336 445 231 336 433 231 336 441 231 
341 441 231 342 438 231 343 434 231 
341 441 231 343 434 231 341 435 231 
343 402 232 340 402 232 340 404 232 
343 402 232 340 404 232 342 403 232 
332 417 232 332 414 232 330 411 232 
332 417 232 330 411 232 329 414 232 
338 412 232 337 407 232 335 407 232 
338 412 232 335 407 232 335 410 232 
334 401 232 335 399 232 332 395 232 
334 401 232 332 395 232 331 398 232 
335 399 232 338 397 232 336 394 232 
335 399 232 336 394 232 332 395 232 
338 397 232 341 397 232 340 394 232 
338 397 232 340 394 232 336 394 232 
335 404 232 334 401 232 336 403 232 
335 404 232 336 403 232 337 407 232 
332 395 232 332 392 232 331 395 232 
332 395 232 331 395 232 331 398 232 
340 392 232 336 391 232 336 394 232 
340 392 232 336 394 232 340 394 232 
330 411 232 327 409 232 326 412 232 
330 411 232 326 412 232 329 414 232 
330 417 232 328 415 231 331 417 231 
330 417 232 331 417 231 333 419 231 
334 422 231 333 419 231 331 417 231 
334 422 231 331 417 231 333 421 231 
334 422 231 333 421 231 336 424 231 
334 422 231 336 424 231 337 425 231 
325 406 232 325 409 231 326 412 232 
325 406 232 326 412 232 327 409 232 
325 409 231 327 412 231 328 415 231 
325 409 231 328 415 231 326 412 232 
378 475 231 370 480 231 383 487 231 
378 475 231 383 487 231 390 480 231 
357 450 232 360 452 232 362 448 232 
357 450 232 362 448 232 358 447 232 
360 452 232 357 450 232 354 452 232 
360 452 232 354 452 232 357 455 232 
374 464 232 384 467 232 385 458 232 
374 464 232 385 458 232 377 457 232 
362 448 232 360 452 232 364 454 232 
362 448 232 364 454 232 366 450 232 
354 446 232 355 448 232 355 445 232 
354 446 232 355 445 232 354 445 232 
385 450 232 378 450 232 377 457 232 
385 450 232 377 457 232 385 458 232 
377 457 232 378 450 232 371 450 232 
377 457 232 371 450 232 370 456 232 
369 366 233 374 376 233 378 372 233 
369 366 233 378 372 233 372 362 233 
350 393 233 347 389 233 345 391 233 
350 393 233 345 391 233 346 395 233 
341 390 233 342 387 233 340 384 233 
341 390 233 340 384 233 339 387 232 
345 401 232 345 400 232 346 400 232 
345 401 232 346 400 232 346 401 232 
346 401 232 345 401 232 346 401 232 
346 401 232 346 401 232 347 401 232 
341 399 232 338 397 232 340 397 232 
341 399 232 340 397 232 343 398 232 
346 420 232 349 425 232 352 424 232 
346 420 232 352 424 232 349 419 232 
347 426 232 349 430 232 352 430 232 
347 426 232 352 430 232 349 425 232 
343 418 232 342 418 232 342 422 232 
343 418 232 342 422 232 343 422 232 
346 414 232 345 410 232 344 411 232 
346 414 232 344 411 232 345 416 232 
355 435 232 352 435 232 355 440 232 
355 435 232 355 440 232 358 440 232 
354 443 232 357 443 232 355 440 232 
354 443 232 355 440 232 352 439 232 
392 415 233 397 411 233 389 400 233 
392 415 233 389 400 233 383 406 233 
361 458 232 364 454 232 360 452 232 
361 458 232 360 452 232 357 455 232 
365 445 232 363 440 232 358 440 232 
365 445 232 358 440 232 361 444 232 
357 450 232 358 447 232 355 445 232 
357 450 232 355 445 232 355 448 232 
476 445 230 474 455 231 469 469 230 
476 445 230 469 469 230 471 460 230 
351 474 230 355 478 230 345 469 231 
351 474 230 345 469 231 342 464 230 
368 488 230 374 490 230 361 481 231 
368 488 230 361 481 231 355 478 230 
341 399 232 343 398 232 345 400 232 
341 399 232 345 400 232 343 400 232 
345 400 232 347 401 232 345 400 232 
345 400 232 345 400 232 343 399 232 
347 377 233 342 380 233 344 385 233 
347 377 233 344 385 233 349 381 233 
374 398 233 369 404 233 378 412 233 
374 398 233 378 412 233 383 406 233 
355 411 233 352 416 233 356 421 233 
355 411 233 356 421 233 361 416 233 
365 433 233 361 427 233 356 429 232 
365 433 233 356 429 232 359 435 232 
401 490 229 400 486 229 422 485 229 
401 490 229 422 485 229 422 490 229 
440 487 229 439 493 230 421 495 230 
440 487 229 421 495 230 422 490 229 
345 431 231 346 432 231 345 434 232 
345 431 231 345 434 232 344 433 232 
345 431 232 346 430 232 345 428 232 
345 431 232 345 428 232 345 429 231 
372 417 233 378 425 233 385 420 233 
372 417 233 385 420 233 378 412 233 
352 472 231 360 472 231 353 465 231 
352 472 231 353 465 231 347 463 231 
342 443 231 345 447 232 345 445 232 
342 443 231 345 445 232 342 441 231 
344 430 231 345 428 231 344 427 231 
344 430 231 344 427 231 343 429 231 
343 435 231 344 434 231 345 431 231 
343 435 231 345 431 231 344 432 231 
345 431 231 344 433 232 345 432 232 
345 431 231 345 432 232 345 430 231 
346 432 231 345 431 231 346 430 231 
346 432 231 346 430 231 347 430 231 
341 415 232 340 417 232 340 419 232 
341 415 232 340 419 232 342 418 232 
341 396 233 342 394 233 341 390 233 
341 396 233 341 390 233 339 393 232 
347 389 233 350 393 233 355 390 233 
347 389 233 355 390 233 352 385 233 
358 405 233 352 403 233 351 408 233 
358 405 233 351 408 233 355 411 233 
343 417 232 345 416 232 344 411 232 
343 417 232 344 411 232 343 412 232 
345 416 232 346 420 232 349 419 232 
345 416 232 349 419 232 346 414 232 
345 401 233 345 400 233 344 400 232 
345 401 233 344 400 232 345 401 232 
348 401 232 346 401 232 346 400 232 
348 401 232 346 400 232 348 400 232 
346 401 232 348 401 232 348 402 232 
346 401 232 348 402 232 347 401 232 
340 402 232 343 402 232 344 401 232 
340 402 232 344 401 232 342 400 232 
378 389 233 374 398 233 383 406 233 
378 389 233 383 406 233 389 400 233 
385 420 233 390 431 233 396 425 233 
385 420 233 396 425 233 392 415 233 
331 407 232 330 405 232 327 409 232 
331 407 232 327 409 232 330 411 232 
328 415 231 327 412 231 330 415 231 
328 415 231 330 415 231 331 417 231 
447 410 232 452 402 232 449 396 232 
447 410 232 449 396 232 445 404 232 
345 442 232 344 438 231 343 438 231 
345 442 232 343 438 231 345 442 232 
343 438 231 343 440 231 345 444 232 
343 438 231 345 444 232 345 442 232 
345 431 231 344 434 231 345 434 231 
345 431 231 345 434 231 347 431 231 
353 398 233 348 399 233 348 402 233 
353 398 233 348 402 233 352 403 233 
342 394 233 341 396 233 343 399 233 
342 394 233 343 399 233 344 397 233 
339 420 232 340 421 232 342 418 232 
339 420 232 342 418 232 340 419 232 
366 461 232 374 464 232 377 457 232 
366 461 232 377 457 232 370 456 232 
333 421 231 331 417 231 330 415 231 
333 421 231 330 415 231 332 419 231 
336 424 231 333 421 231 332 419 231 
336 424 231 332 419 231 335 422 231 
345 400 232 343 399 232 342 400 232 
345 400 232 342 400 232 344 401 232 
337 396 232 341 398 232 341 396 233 
337 396 232 341 396 233 339 393 232 
334 393 232 337 396 232 339 393 232 
334 393 232 339 393 232 337 390 232 
335 420 231 334 418 232 330 417 232 
335 420 231 330 417 232 333 419 231 
339 387 232 337 390 232 339 393 232 
339 387 232 339 393 232 341 390 233 
336 413 232 335 415 232 338 414 232 
336 413 232 338 414 232 336 412 232 
336 418 232 337 419 232 340 419 232 
336 418 232 340 419 232 340 417 232 
334 418 232 337 419 232 336 418 232 
334 418 232 336 418 232 332 417 232 
330 417 232 334 418 232 332 417 232 
330 417 232 332 417 232 329 414 232 
342 452 231 347 456 231 346 451 231 
342 452 231 346 451 231 342 447 231 
345 402 233 345 401 233 345 401 232 
345 402 233 345 401 232 345 401 232 
337 396 232 338 397 232 341 399 232 
337 396 232 341 399 232 341 398 232 
338 394 232 334 394 232 333 390 232 
338 394 232 333 390 232 337 391 232 
334 394 232 338 397 232 337 396 232 
334 394 232 337 396 232 334 393 232 
345 398 232 347 399 232 345 400 232 
345 398 232 345 400 232 343 398 232 
345 398 232 343 398 232 340 397 232 
345 398 232 340 397 232 342 396 232 
342 396 232 340 397 232 338 394 232 
342 396 232 338 394 232 341 394 232 
334 404 232 335 407 232 337 407 232 
334 404 232 337 407 232 336 403 232 
330 405 232 334 404 232 334 402 232 
330 405 232 334 402 232 329 403 232 
332 409 232 335 410 232 335 407 232 
332 409 232 335 407 232 331 407 232 
330 417 232 329 414 232 326 412 232 
330 417 232 326 412 232 328 415 231 
345 401 232 345 401 232 344 400 232 
345 401 232 344 400 232 345 400 232 
345 432 232 344 433 232 345 436 232 
345 432 232 345 436 232 345 436 232 
353 444 232 352 444 232 353 446 232 
353 444 232 353 446 232 353 445 232 
352 443 232 352 443 232 353 443 232 
352 443 232 353 443 232 353 444 232 
354 376 233 353 371 233 347 373 233 
354 376 233 347 373 233 347 377 233 
349 381 233 352 385 233 355 383 233 
349 381 233 355 383 233 354 380 233 
445 493 230 452 485 231 435 489 231 
445 493 230 435 489 231 430 496 231 
445 493 230 430 496 231 424 499 230 
445 493 230 424 499 230 434 497 230 
435 489 231 419 488 231 414 496 231 
435 489 231 414 496 231 430 496 231 
421 498 230 424 499 230 409 498 230 
421 498 230 409 498 230 404 498 230 
360 376 233 360 381 233 368 385 233 
360 376 233 368 385 233 368 377 233 
359 386 233 360 381 233 354 380 233 
359 386 233 354 380 233 355 383 233 
343 434 231 342 438 231 343 437 231 
343 434 231 343 437 231 344 433 231 
440 487 229 457 480 230 454 487 230 
440 487 229 454 487 230 439 493 230 
454 487 230 464 478 230 452 485 231 
454 487 230 452 485 231 445 493 230 
459 425 232 465 417 232 458 409 232 
459 425 232 458 409 232 452 417 232 
452 417 232 458 409 232 452 402 232 
452 417 232 452 402 232 447 410 232 
428 429 233 432 440 232 447 434 232 
428 429 233 447 434 232 441 425 232 
447 434 232 432 440 232 435 451 232 
447 434 232 435 451 232 452 446 232 
476 431 231 473 418 231 471 427 231 
476 431 231 471 427 231 474 441 231 
383 406 233 378 412 233 385 420 233 
383 406 233 385 420 233 392 415 233 
345 428 232 344 427 231 345 428 231 
345 428 232 345 428 231 345 429 231 
343 426 232 341 424 232 339 423 232 
343 426 232 339 423 232 342 426 231 
437 464 232 438 477 231 456 474 231 
437 464 232 456 474 231 455 460 232 
435 489 231 438 477 231 421 476 232 
435 489 231 421 476 232 419 488 231 
407 474 232 404 484 231 419 488 231 
407 474 232 419 488 231 421 476 232 
394 471 232 394 459 232 385 458 232 
394 471 232 385 458 232 384 467 232 
355 448 232 354 446 232 353 447 232 
355 448 232 353 447 232 353 449 232 
350 453 232 346 451 231 347 456 231 
350 453 232 347 456 231 353 456 232 
385 495 230 404 498 230 409 498 230 
385 495 230 409 498 230 391 496 230 
374 490 230 391 496 230 398 492 231 
374 490 230 398 492 231 383 487 231 
385 495 230 391 496 230 374 490 230 
385 495 230 374 490 230 368 488 230 
356 460 232 350 460 231 353 465 231 
356 460 232 353 465 231 360 464 231 
355 448 232 353 449 232 354 452 232 
355 448 232 354 452 232 357 450 232 
360 376 233 360 370 233 353 371 233 
360 376 233 353 371 233 354 376 233 
344 385 233 342 387 233 345 391 233 
344 385 233 345 391 233 347 389 233 
423 414 233 411 413 233 414 422 233 
423 414 233 414 422 233 425 421 233 
346 430 232 345 431 232 346 435 232 
346 430 232 346 435 232 348 434 232 
350 450 232 350 447 232 345 445 232 
350 450 232 345 445 232 345 447 232 
344 402 232 345 401 232 344 401 232 
344 402 232 344 401 232 343 402 232 
345 401 232 346 401 232 345 401 232 
345 401 232 345 401 232 344 402 232 
337 403 232 339 400 232 335 399 232 
337 403 232 335 399 232 334 401 232 
333 396 232 332 399 232 331 398 232 
333 396 232 331 398 232 331 395 232 
335 399 232 339 400 232 340 398 232 
335 399 232 340 398 232 338 397 232 
340 398 232 342 399 232 341 397 232 
340 398 232 341 397 232 338 397 232 
332 392 232 332 395 232 336 394 232 
332 392 232 336 394 232 336 391 232 
379 482 229 380 486 229 362 479 230 
379 482 229 362 479 230 361 474 229 
342 422 232 343 425 232 345 426 232 
342 422 232 345 426 232 343 422 232 
347 439 232 347 439 232 345 436 232 
347 439 232 345 436 232 345 436 232 
350 446 232 350 444 232 345 442 232 
350 446 232 345 442 232 345 444 232 
345 429 231 346 430 231 345 431 231 
345 429 231 345 431 231 345 430 231 
346 430 231 347 430 231 347 430 231 
346 430 231 347 430 231 346 430 231 
344 385 233 347 389 233 352 385 233 
344 385 233 352 385 233 349 381 233 
344 385 233 342 380 233 340 384 233 
344 385 233 340 384 233 342 387 233 
352 444 232 353 443 232 354 444 232 
352 444 232 354 444 232 353 446 232 
346 432 231 347 430 231 348 430 231 
346 432 231 348 430 231 346 431 231 
346 431 231 346 433 232 345 434 232 
346 431 231 345 434 232 346 432 231 
347 439 232 348 438 232 351 441 232 
347 439 232 351 441 232 350 442 232 
345 442 232 346 443 231 345 440 231 
345 442 232 345 440 231 344 438 231 
352 443 232 353 444 232 353 445 232 
352 443 232 353 445 232 353 444 232 
354 445 232 353 444 232 353 445 232 
354 445 232 353 445 232 354 446 232 
353 447 232 353 446 232 350 446 232 
353 447 232 350 446 232 350 447 232 
345 444 232 343 440 231 342 441 231 
345 444 232 342 441 231 345 445 232 
345 430 231 345 429 231 345 428 231 
345 430 231 345 428 231 344 430 231 
346 395 233 348 399 233 353 398 233 
346 395 233 353 398 233 350 393 233 
354 380 233 354 376 233 347 377 233 
354 380 233 347 377 233 349 381 233 
360 398 233 358 405 233 365 410 233 
360 398 233 365 410 233 369 404 233 
348 400 232 346 400 232 345 400 232 
348 400 232 345 400 232 347 399 232 
345 401 233 346 402 233 346 400 233 
345 401 233 346 400 233 345 400 233 
331 398 232 332 399 232 335 403 232 
331 398 232 335 403 232 334 401 232 
334 401 232 335 403 232 338 404 232 
334 401 232 338 404 232 337 403 232 
345 428 232 343 425 232 341 424 232 
345 428 232 341 424 232 343 426 232 
343 422 232 345 426 232 347 426 232 
343 422 232 347 426 232 345 421 232 
338 423 231 339 423 232 339 420 232 
338 423 231 339 420 232 337 420 232 
337 425 231 339 426 231 336 423 231 
337 425 231 336 423 231 334 422 231 
339 420 232 339 423 232 341 424 232 
339 420 232 341 424 232 340 421 232 
337 437 231 338 445 231 341 441 231 
337 437 231 341 441 231 341 435 231 
342 443 231 342 438 231 341 441 231 
342 443 231 341 441 231 342 447 231 
350 460 231 344 457 231 347 463 231 
350 460 231 347 463 231 353 465 231 
344 433 231 344 432 231 345 430 231 
344 433 231 345 430 231 344 430 231 
346 430 231 345 430 231 344 432 231 
346 430 231 344 432 231 345 431 231 
345 431 231 347 431 231 347 430 231 
345 431 231 347 430 231 346 430 231 
366 461 232 360 464 231 368 469 231 
366 461 232 368 469 231 374 464 232 
434 405 233 419 401 233 421 407 233 
434 405 233 421 407 233 434 407 233 
380 367 233 375 357 233 372 362 233 
380 367 233 372 362 233 378 372 233 
403 411 233 406 422 233 414 422 233 
403 411 233 414 422 233 411 413 233 
343 399 233 343 400 232 344 400 232 
343 399 233 344 400 232 345 400 233 
403 411 233 396 397 233 389 400 233 
403 411 233 389 400 233 397 411 233 
403 411 233 397 411 233 401 422 233 
403 411 233 401 422 233 406 422 233 
459 425 232 465 437 232 471 427 231 
459 425 232 471 427 231 465 417 232 
453 396 232 452 402 232 458 409 232 
453 396 232 458 409 232 460 402 232 
460 402 232 458 409 232 465 417 232 
460 402 232 465 417 232 467 409 231 
469 469 230 457 480 230 458 473 229 
469 469 230 458 473 229 471 460 230 
441 482 229 458 473 229 457 480 230 
441 482 229 457 480 230 440 487 229 
452 402 232 453 396 232 450 390 232 
452 402 232 450 390 232 449 396 232 
468 466 231 464 478 230 469 469 230 
468 466 231 469 469 230 474 455 231 
441 482 229 440 487 229 422 490 229 
441 482 229 422 490 229 422 485 229 
396 397 233 403 411 233 411 413 233 
396 397 233 411 413 233 408 404 233 
411 413 233 423 414 233 421 407 233 
411 413 233 421 407 233 408 404 233 
434 407 233 421 407 233 423 414 233 
434 407 233 423 414 233 435 411 233 
435 411 233 445 404 232 443 398 233 
435 411 233 443 398 233 434 407 233 
449 396 232 450 390 232 447 384 232 
449 396 232 447 384 232 447 391 232 
438 477 231 435 489 231 452 485 231 
438 477 231 452 485 231 456 474 231 
476 445 230 476 431 231 474 441 231 
476 445 230 474 441 231 474 455 231 
456 474 231 468 466 231 468 451 231 
456 474 231 468 451 231 455 460 232 
406 464 232 407 474 232 421 476 232 
406 464 232 421 476 232 420 463 232 
341 459 231 338 454 231 342 464 230 
341 459 231 342 464 230 345 469 231 
339 455 230 340 460 230 337 450 230 
339 455 230 337 450 230 337 446 230 
337 450 230 338 454 231 336 445 231 
337 450 230 336 445 231 336 441 231 
361 474 229 362 479 230 349 469 230 
361 474 229 349 469 230 348 465 230 
340 460 230 339 455 230 348 465 230 
340 460 230 348 465 230 349 469 230 
358 440 232 363 440 232 359 435 232 
358 440 232 359 435 232 355 435 232 
363 440 232 368 439 232 365 433 233 
363 440 232 365 433 233 359 435 232 
375 437 233 371 429 233 365 433 233 
375 437 233 365 433 233 368 439 232 
355 390 233 350 393 233 353 398 233 
355 390 233 353 398 233 360 398 233 
343 399 233 345 400 233 346 400 233 
343 399 233 346 400 233 344 397 233 
343 400 232 343 400 232 345 400 232 
343 400 232 345 400 232 344 400 232 
343 400 232 345 400 232 346 400 232 
343 400 232 346 400 232 345 400 232 
352 442 232 354 445 232 355 445 232 
352 442 232 355 445 232 354 443 232 
353 444 232 351 442 232 350 442 232 
353 444 232 350 442 232 352 443 232 
352 443 232 350 442 232 350 442 232 
352 443 232 350 442 232 352 443 232 
351 442 232 353 444 232 354 445 232 
351 442 232 354 445 232 352 442 232 
361 481 231 370 480 231 360 472 231 
361 481 231 360 472 231 352 472 231 
355 478 230 361 481 231 352 472 231 
355 478 230 352 472 231 345 469 231 
360 464 231 353 465 231 360 472 231 
360 464 231 360 472 231 368 469 231 
350 450 232 350 453 232 354 452 232 
350 450 232 354 452 232 353 449 232 
350 450 232 345 447 232 346 451 231 
350 450 232 346 451 231 350 453 232 
345 447 232 342 443 231 342 447 231 
345 447 232 342 447 231 346 451 231 
346 408 233 345 410 232 346 414 232 
346 408 233 346 414 232 349 411 233 
345 391 233 342 387 233 341 390 233 
345 391 233 341 390 233 342 394 233 
345 391 233 342 394 233 344 397 233 
345 391 233 344 397 233 346 395 233 
351 408 233 352 403 233 348 402 233 
351 408 233 348 402 233 348 406 233 
339 408 232 339 409 232 342 414 232 
339 408 232 342 414 232 342 413 232 
338 412 232 337 412 232 339 411 232 
338 412 232 339 411 232 337 407 232 
338 414 232 335 415 232 336 418 232 
338 414 232 336 418 232 340 417 232 
338 414 232 339 411 232 337 412 232 
338 414 232 337 412 232 336 412 232 
338 429 231 337 437 231 341 435 231 
338 429 231 341 435 231 341 430 231 
355 435 232 359 435 232 356 429 232 
355 435 232 356 429 232 352 430 232 
360 381 233 360 376 233 354 376 233 
360 381 233 354 376 233 354 380 233 
341 394 232 338 394 232 337 391 232 
341 394 232 337 391 232 340 391 232 
338 394 232 340 397 232 338 397 232 
338 394 232 338 397 232 334 394 232 
337 390 232 339 387 232 339 383 232 
337 390 232 339 383 232 336 385 232 
332 387 232 334 393 232 337 390 232 
332 387 232 337 390 232 336 385 232 
340 384 233 339 380 232 339 383 232 
340 384 233 339 383 232 339 387 232 
340 384 233 342 380 233 341 375 233 
340 384 233 341 375 233 339 380 232 
352 439 232 355 440 232 352 435 232 
352 439 232 352 435 232 348 434 232 
348 434 232 346 435 232 349 439 232 
348 434 232 349 439 232 352 439 232 
345 436 232 347 439 232 348 439 232 
345 436 232 348 439 232 345 436 232 
345 436 232 344 433 232 345 434 232 
345 436 232 345 434 232 345 436 232 
348 434 232 347 429 232 345 428 232 
348 434 232 345 428 232 346 430 232 
345 428 232 347 429 232 345 426 232 
345 428 232 345 426 232 343 425 232 
329 403 232 325 406 232 327 409 232 
329 403 232 327 409 232 330 405 232 
331 407 232 335 407 232 334 404 232 
331 407 232 334 404 232 330 405 232 
342 426 231 344 427 231 345 428 232 
342 426 231 345 428 232 343 426 232 
345 444 232 345 445 232 350 447 232 
345 444 232 350 447 232 350 446 232 
345 436 232 346 435 232 345 431 232 
345 436 232 345 431 232 345 432 232 
353 447 232 354 446 232 353 445 232 
353 447 232 353 445 232 353 446 232 
345 430 231 345 429 231 345 428 231 
345 430 231 345 428 231 345 429 231 
343 437 231 343 435 231 344 432 231 
343 437 231 344 432 231 344 433 231 
343 437 231 342 441 231 343 440 231 
343 437 231 343 440 231 343 435 231 
345 429 231 345 430 231 345 432 232 
345 429 231 345 432 232 345 431 232 
351 442 232 348 439 232 347 439 232 
351 442 232 347 439 232 350 442 232 
348 439 232 349 439 232 346 435 232 
348 439 232 346 435 232 345 436 232 
350 442 232 347 439 232 347 439 232 
350 442 232 347 439 232 350 442 232 
344 430 231 343 429 231 343 434 231 
344 430 231 343 434 231 344 433 231 
341 426 231 338 423 231 336 423 231 
341 426 231 336 423 231 339 426 231 
336 413 232 334 412 232 332 414 232 
336 413 232 332 414 232 335 415 232 
335 415 232 332 414 232 332 417 232 
335 415 232 332 417 232 336 418 232 
370 456 232 364 454 232 361 458 232 
370 456 232 361 458 232 366 461 232 
366 450 232 364 454 232 370 456 232 
366 450 232 370 456 232 371 450 232 
370 444 232 368 439 232 363 440 232 
370 444 232 363 440 232 365 445 232 
361 416 233 356 421 233 361 427 233 
361 416 233 361 427 233 367 422 233 
361 427 233 365 433 233 371 429 233 
361 427 233 371 429 233 367 422 233 
365 410 233 358 405 233 355 411 233 
365 410 233 355 411 233 361 416 233 
352 416 233 355 411 233 351 408 233 
352 416 233 351 408 233 349 411 233 
382 434 233 378 425 233 371 429 233 
382 434 233 371 429 233 375 437 233 
348 406 233 346 408 233 349 411 233 
348 406 233 349 411 233 351 408 233 
348 402 233 346 402 233 346 403 233 
348 402 233 346 403 233 348 406 233 
345 401 232 344 402 232 344 403 232 
345 401 232 344 403 232 345 402 233 
371 450 232 378 450 232 377 444 232 
371 450 232 377 444 232 370 444 232 
394 459 232 394 471 232 407 474 232 
394 459 232 407 474 232 406 464 232 
354 443 232 352 439 232 349 439 232 
354 443 232 349 439 232 352 442 232 
352 442 232 349 439 232 348 439 232 
352 442 232 348 439 232 351 442 232 
375 437 233 368 439 232 370 444 232 
375 437 233 370 444 232 377 444 232 
336 403 232 334 401 232 334 398 232 
336 403 232 334 398 232 336 400 232 
343 422 232 345 421 232 343 417 232 
343 422 232 343 417 232 343 418 232 
342 413 232 342 414 232 342 418 232 
342 413 232 342 418 232 343 418 232 
339 408 232 342 413 232 343 412 232 
339 408 232 343 412 232 340 407 232 
340 407 232 338 404 232 335 403 232 
340 407 232 335 403 232 339 408 232 
339 409 232 339 408 232 335 403 232 
339 409 232 335 403 232 335 404 232 
337 403 232 340 402 232 342 400 232 
337 403 232 342 400 232 339 400 232 
339 400 232 342 400 232 343 399 232 
339 400 232 343 399 232 340 398 232 
343 399 232 345 400 232 342 399 232 
343 399 232 342 399 232 340 398 232 
337 403 232 338 404 232 340 404 232 
337 403 232 340 404 232 340 402 232 
330 411 232 332 414 232 334 412 232 
330 411 232 334 412 232 332 410 232 
334 418 232 335 420 231 337 420 232 
334 418 232 337 420 232 337 419 232 
341 430 231 343 429 231 341 426 231 
341 430 231 341 426 231 339 426 231 
338 429 231 341 430 231 339 426 231 
338 429 231 339 426 231 337 425 231 
337 428 231 338 429 231 337 425 231 
337 428 231 337 425 231 336 424 231 
337 426 231 337 428 231 336 424 231 
337 426 231 336 424 231 335 422 231 
422 490 229 421 495 230 402 495 229 
422 490 229 402 495 229 401 490 229 
364 484 230 362 479 230 380 486 229 
364 484 230 380 486 229 382 491 230 
351 474 230 364 484 230 368 488 230 
351 474 230 368 488 230 355 478 230 
438 477 231 437 464 232 420 463 232 
438 477 231 420 463 232 421 476 232 
346 400 233 348 399 233 346 395 233 
346 400 233 346 395 233 344 397 233 
334 393 232 332 387 232 333 390 232 
334 393 232 333 390 232 334 394 232 
353 443 232 354 444 232 353 443 232 
353 443 232 353 443 232 352 443 232 
387 377 233 380 367 233 378 372 233 
387 377 233 378 372 233 385 384 233 
408 404 233 421 407 233 419 401 233 
408 404 233 419 401 233 407 396 233 
443 398 233 447 391 232 445 386 233 
443 398 233 445 386 233 443 395 233 
396 397 233 408 404 233 407 396 233 
396 397 233 407 396 233 395 388 233 
396 397 233 385 384 233 378 389 233 
396 397 233 378 389 233 389 400 233 
447 391 232 447 384 232 446 379 232 
447 391 232 446 379 232 445 386 233 
421 498 230 421 495 230 439 493 230 
421 498 230 439 493 230 434 497 230 
437 417 233 447 410 232 445 404 232 
437 417 233 445 404 232 435 411 233 
457 480 230 469 469 230 464 478 230 
457 480 230 464 478 230 454 487 230 
452 417 232 441 425 232 447 434 232 
452 417 232 447 434 232 459 425 232 
447 410 232 437 417 233 441 425 232 
447 410 232 441 425 232 452 417 232 
455 460 232 468 451 231 465 437 232 
455 460 232 465 437 232 452 446 232 
456 474 231 452 485 231 464 478 230 
456 474 231 464 478 230 468 466 231 
445 404 232 449 396 232 447 391 232 
445 404 232 447 391 232 443 398 233 
468 466 231 474 455 231 474 441 231 
468 466 231 474 441 231 468 451 231 
443 395 233 434 405 233 434 407 233 
443 395 233 434 407 233 443 398 233 
349 430 232 352 435 232 355 435 232 
349 430 232 355 435 232 352 430 232 
365 445 232 361 444 232 362 448 232 
365 445 232 362 448 232 366 450 232 
368 469 231 360 472 231 370 480 231 
368 469 231 370 480 231 378 475 231 
368 469 231 378 475 231 384 467 232 
368 469 231 384 467 232 374 464 232 
430 496 231 414 496 231 409 498 230 
430 496 231 409 498 230 424 499 230 
445 493 230 434 497 230 439 493 230 
445 493 230 439 493 230 454 487 230 
345 426 232 347 429 232 349 430 232 
345 426 232 349 430 232 347 426 232 
343 418 232 343 417 232 343 412 232 
343 418 232 343 412 232 342 413 232 
347 426 232 349 425 232 346 420 232 
347 426 232 346 420 232 345 421 232 
343 417 232 345 421 232 346 420 232 
343 417 232 346 420 232 345 416 232 
343 412 232 344 411 232 341 407 232 
343 412 232 341 407 232 340 407 232 
338 404 232 340 407 232 341 407 232 
338 404 232 341 407 232 340 404 232 
336 403 232 336 400 232 334 402 232 
336 403 232 334 402 232 334 404 232 
338 414 232 340 417 232 341 415 232 
338 414 232 341 415 232 339 411 232 
405 446 232 403 441 232 400 447 232 
405 446 232 400 447 232 402 449 232 
399 454 232 401 454 232 402 449 232 
399 454 232 402 449 232 400 447 232 
404 461 232 405 461 232 401 454 232 
404 461 232 401 454 232 399 454 232 
413 463 232 413 463 232 405 461 232 
413 463 232 405 461 232 404 461 232 
419 461 232 418 461 232 413 463 232 
419 461 232 413 463 232 413 463 232 
423 455 232 420 457 232 418 461 232 
423 455 232 418 461 232 419 461 232 
421 445 233 419 447 233 420 457 232 
421 445 233 420 457 232 423 455 232 
409 433 233 408 436 233 414 439 233 
409 433 233 414 439 233 416 437 233 
403 430 233 402 433 233 408 436 233 
403 430 233 408 436 233 409 433 233 
406 458 232 404 453 232 401 454 232 
406 458 232 401 454 232 405 461 232 
412 460 232 406 458 232 405 461 232 
412 460 232 405 461 232 413 463 232 
416 459 232 412 460 232 413 463 232 
416 459 232 413 463 232 418 461 232 
418 455 232 416 459 232 418 461 232 
418 455 232 418 461 232 420 457 232 
420 457 232 419 447 233 419 447 233 
420 457 232 419 447 233 418 455 232 
414 439 233 408 436 233 406 437 233 
414 439 233 406 437 233 412 439 233 
401 436 233 406 437 233 408 436 233 
401 436 233 408 436 233 402 433 233 
397 436 233 401 436 233 402 433 233 
397 436 233 402 433 233 397 432 233 
406 439 233 403 436 233 402 438 233 
406 439 233 402 438 233 403 441 232 
395 447 232 397 454 232 399 454 232 
395 447 232 399 454 232 400 447 232 
399 454 232 397 454 232 404 459 232 
399 454 232 404 459 232 404 461 232 
415 459 232 413 463 232 404 461 232 
415 459 232 404 461 232 404 459 232 
420 451 232 423 455 232 419 461 232 
420 451 232 419 461 232 415 459 232 
420 451 232 420 442 232 421 445 233 
420 451 232 421 445 233 423 455 232 
416 437 233 415 434 233 409 430 233 
416 437 233 409 430 233 409 433 233 
403 430 233 409 433 233 409 430 233 
403 430 233 409 430 233 402 428 233 
403 430 233 402 428 233 396 430 233 
403 430 233 396 430 233 397 432 233 
397 436 233 397 432 233 396 430 233 
397 436 233 396 430 233 395 435 233 
401 454 232 404 453 232 405 446 232 
401 454 232 405 446 232 402 449 232 
406 439 233 409 444 233 410 441 233 
406 439 233 410 441 233 405 439 233 
406 439 233 405 439 233 401 437 233 
406 439 233 401 437 233 403 436 233 
401 437 233 399 441 233 402 438 233 
401 437 233 402 438 233 403 436 233 
402 438 233 399 441 233 400 447 232 
402 438 233 400 447 232 403 441 232 
412 460 232 416 459 232 418 455 232 
412 460 232 418 455 232 410 454 232 
410 454 232 418 455 232 419 447 233 
410 454 232 419 447 233 415 446 233 
412 439 233 419 447 233 419 447 233 
412 439 233 419 447 233 414 439 233 
419 447 233 421 445 233 416 437 233 
419 447 233 416 437 233 414 439 233 
415 434 233 416 437 233 421 445 233 
415 434 233 421 445 233 420 442 232 
410 454 232 404 453 232 406 458 232 
410 454 232 406 458 232 412 460 232 
410 441 233 415 446 233 419 447 233 
410 441 233 419 447 233 412 439 233 
403 441 232 405 446 232 409 444 233 
403 441 232 409 444 233 406 439 233 
397 436 233 399 441 233 401 437 233 
397 436 233 401 437 233 401 436 233 
410 441 233 412 439 233 406 437 233 
410 441 233 406 437 233 405 439 233 
400 447 232 399 441 233 395 441 233 
400 447 232 395 441 233 395 447 232 
395 441 233 399 441 233 397 436 233 
395 441 233 397 436 233 395 435 233 
423 441 232 417 431 233 415 434 233 
423 441 232 415 434 233 420 442 232 
423 441 232 420 442 232 420 451 232 
423 441 232 420 451 232 424 451 232 
409 430 233 417 431 233 414 422 233 
409 430 233 414 422 233 406 422 233 
409 430 233 406 422 233 401 422 233 
409 430 233 401 422 233 402 428 233 
424 451 232 420 451 232 415 459 232 
424 451 232 415 459 232 420 463 232 
435 451 232 424 451 232 420 463 232 
435 451 232 420 463 232 437 464 232 
425 421 233 414 422 233 417 431 233 
425 421 233 417 431 233 428 429 233 
428 429 233 417 431 233 423 441 232 
428 429 233 423 441 232 432 440 232 
395 447 232 395 441 233 390 441 233 
395 447 232 390 441 233 391 449 232 
395 435 233 396 430 233 396 425 233 
395 435 233 396 425 233 390 431 233 
401 437 233 405 439 233 406 437 233 
401 437 233 406 437 233 401 436 233 
394 459 232 406 464 232 404 459 232 
394 459 232 404 459 232 397 454 232 
396 430 233 402 428 233 401 422 233 
396 430 233 401 422 233 396 425 233 
360 370 233 360 376 233 368 377 233 
360 370 233 368 377 233 367 369 233 
341 430 231 341 435 231 343 434 231 
341 430 231 343 434 231 343 429 231 
362 448 232 361 444 232 357 443 232 
362 448 232 357 443 232 358 447 232 
391 449 232 390 441 233 384 443 232 
391 449 232 384 443 232 385 450 232 
366 450 232 371 450 232 370 444 232 
366 450 232 370 444 232 365 445 232 
378 450 232 385 450 232 384 443 232 
378 450 232 384 443 232 377 444 232 
358 447 232 357 443 232 354 443 232 
358 447 232 354 443 232 355 445 232 
390 431 233 390 441 233 395 441 233 
390 431 233 395 441 233 395 435 233 
330 411 232 332 410 232 332 409 232 
330 411 232 332 409 232 331 407 232 
340 404 232 341 407 232 343 406 232 
340 404 232 343 406 232 342 403 232 
344 405 233 344 403 232 342 403 232 
344 405 233 342 403 232 343 406 232 
346 402 233 345 401 233 345 402 233 
346 402 233 345 402 233 346 403 233 
349 430 232 347 429 232 348 434 232 
349 430 232 348 434 232 352 435 232 
396 397 233 395 388 233 387 377 233 
396 397 233 387 377 233 385 384 233 
452 446 232 435 451 232 437 464 232 
452 446 232 437 464 232 455 460 232 
473 418 231 467 409 231 465 417 232 
473 418 231 465 417 232 471 427 231 
471 427 231 465 437 232 468 451 231 
471 427 231 468 451 231 474 441 231 
452 446 232 465 437 232 459 425 232 
452 446 232 459 425 232 447 434 232 
423 441 232 424 451 232 435 451 232 
423 441 232 435 451 232 432 440 232 
395 447 232 391 449 232 394 459 232 
395 447 232 394 459 232 397 454 232 
382 491 230 402 495 229 404 498 230 
382 491 230 404 498 230 385 495 230 
398 492 231 414 496 231 419 488 231 
398 492 231 419 488 231 404 484 231 
391 496 230 409 498 230 414 496 231 
391 496 230 414 496 231 398 492 231 
379 482 229 400 486 229 401 490 229 
379 482 229 401 490 229 380 486 229 
420 463 232 415 459 232 404 459 232 
420 463 232 404 459 232 406 464 232 
337 437 231 338 429 231 337 428 231 
337 437 231 337 428 231 336 433 231 
336 431 231 336 433 231 337 428 231 
336 431 231 337 428 231 337 426 231 
342 393 232 345 387 232 348 392 232 
342 393 232 348 392 232 344 395 232 
350 397 232 348 398 232 346 397 232 
350 397 232 346 397 232 348 392 232 
351 401 232 349 400 232 348 398 232 
351 401 232 348 398 232 350 397 232 
350 402 232 349 401 232 349 400 232 
350 402 232 349 400 232 351 401 232 
349 404 232 354 402 232 361 400 232 
349 404 232 361 400 232 359 406 232 
350 403 232 350 402 232 351 401 232 
350 403 232 351 401 232 354 402 232 
350 397 232 348 392 232 360 389 232 
350 397 232 360 389 232 356 398 232 
352 444 232 353 446 232 350 446 232 
352 444 232 350 446 232 350 444 232 
346 443 231 345 442 232 350 444 232 
346 443 231 350 444 232 350 446 232 
349 430 231 348 430 231 348 430 231 
349 430 231 348 430 231 349 432 231 
349 430 231 348 431 231 346 431 231 
349 430 231 346 431 231 348 430 231 
351 441 232 348 438 232 350 436 232 
351 441 232 350 436 232 354 441 232 
345 440 231 346 435 231 345 434 231 
345 440 231 345 434 231 344 438 231 
345 436 232 346 436 232 348 438 232 
345 436 232 348 438 232 347 439 232 
345 436 232 345 434 232 346 433 232 
345 436 232 346 433 232 346 436 232 
354 441 232 355 444 232 354 444 232 
354 441 232 354 444 232 353 443 232 
350 442 232 351 441 232 353 443 232 
350 442 232 353 443 232 352 443 232 
355 444 232 352 445 232 350 446 232 
355 444 232 350 446 232 353 446 232 
352 445 232 348 442 231 346 443 231 
352 445 232 346 443 231 350 446 232 
347 431 231 345 434 231 346 435 231 
347 431 231 346 435 231 347 432 231 
346 435 231 345 440 231 348 442 231 
346 435 231 348 442 231 349 436 231 
346 433 232 348 431 231 350 436 232 
346 433 232 350 436 232 346 436 232 
347 432 231 346 435 231 349 436 231 
347 432 231 349 436 231 349 433 231 
347 431 231 349 433 231 349 432 231 
347 431 231 349 432 231 348 430 231 
360 398 233 366 391 233 359 386 233 
360 398 233 359 386 233 355 390 233 
347 377 233 347 373 233 341 375 233 
347 377 233 341 375 233 342 380 233 
367 369 233 368 377 233 374 376 233 
367 369 233 374 376 233 369 366 233 
366 391 233 368 385 233 360 381 233 
366 391 233 360 381 233 359 386 233 
397 411 233 392 415 233 396 425 233 
397 411 233 396 425 233 401 422 233 
410 441 233 409 444 233 410 454 232 
410 441 233 410 454 232 415 446 233 
336 413 232 338 412 232 335 410 232 
336 413 232 335 410 232 334 412 232 
337 412 232 338 412 232 336 413 232 
337 412 232 336 413 232 336 412 232 
346 401 232 359 406 232 359 401 232 
346 401 232 359 401 232 345 395 232 
348 392 232 345 387 232 359 384 232 
348 392 232 359 384 232 360 389 232 
360 389 232 359 384 232 370 392 232 
360 389 232 370 392 232 370 396 232 
359 406 232 370 396 232 370 392 232 
359 406 232 370 392 232 359 401 232 
433 402 234 445 389 233 448 387 233 
433 402 234 448 387 233 435 402 234 
381 352 234 382 360 233 386 369 233 
381 352 234 386 369 233 384 362 234 
418 395 233 418 391 234 403 382 234 
418 395 233 403 382 234 405 388 234 
409 386 234 403 382 234 418 391 234 
409 386 234 418 391 234 419 393 234 
379 345 234 380 355 234 376 353 234 
379 345 234 376 353 234 374 343 234 
435 402 234 437 402 234 421 398 234 
435 402 234 421 398 234 419 393 234 
395 374 234 402 380 234 400 383 234 
395 374 234 400 383 234 390 375 234 
380 355 234 388 363 234 382 364 234 
380 355 234 382 364 234 376 353 234 
382 364 234 388 363 234 395 374 234 
382 364 234 395 374 234 390 375 234 
452 386 234 448 387 233 450 373 233 
452 386 234 450 373 233 456 368 233 
450 373 233 447 378 233 448 370 233 
450 373 233 448 370 233 452 363 233 
456 356 233 456 368 233 450 373 233 
456 356 233 450 373 233 452 363 233 
435 402 234 448 387 233 452 386 234 
435 402 234 452 386 234 437 402 234 
418 391 234 433 402 234 435 402 234 
418 391 234 435 402 234 419 393 234 
403 382 234 409 386 234 402 380 234 
403 382 234 402 380 234 395 374 234 
400 383 234 402 380 234 409 386 234 
400 383 234 409 386 234 411 389 234 
421 398 234 411 389 234 409 386 234 
421 398 234 409 386 234 419 393 234 
443 392 233 443 395 233 445 386 233 
443 392 233 445 386 233 445 382 233 
392 371 234 393 380 234 405 388 234 
392 371 234 405 388 234 403 382 234 
392 371 234 384 362 234 386 369 233 
392 371 234 386 369 233 393 380 234 
446 374 233 445 382 233 445 386 233 
446 374 233 445 386 233 446 379 232 
381 352 234 384 362 234 380 355 234 
381 352 234 380 355 234 379 345 234 
388 363 234 392 371 234 403 382 234 
388 363 234 403 382 234 395 374 234 
392 371 234 388 363 234 380 355 234 
392 371 234 380 355 234 384 362 234 
382 338 234 382 346 233 381 352 234 
382 338 234 381 352 234 379 345 234 
418 395 233 433 404 233 433 402 234 
418 395 233 433 402 234 418 391 234 
374 343 234 376 334 234 382 338 234 
374 343 234 382 338 234 379 345 234 
418 395 233 419 401 233 434 405 233 
418 395 233 434 405 233 433 404 233 
378 353 233 375 357 233 380 367 233 
378 353 233 380 367 233 382 360 233 
448 387 233 445 389 233 447 378 233 
448 387 233 447 378 233 450 373 233 
433 404 233 434 405 233 443 395 233 
433 404 233 443 395 233 443 392 233 
382 360 233 380 367 233 387 377 233 
382 360 233 387 377 233 386 369 233 
419 401 233 418 395 233 405 388 234 
419 401 233 405 388 234 407 396 233 
445 389 233 443 392 233 445 382 233 
445 389 233 445 382 233 447 378 233 
393 380 234 395 388 233 407 396 233 
393 380 234 407 396 233 405 388 234 
386 369 233 387 377 233 395 388 233 
386 369 233 395 388 233 393 380 234 
448 370 233 447 378 233 445 382 233 
448 370 233 445 382 233 446 374 233 
382 346 233 378 353 233 382 360 233 
382 346 233 382 360 233 381 352 234 
433 402 234 433 404 233 443 392 233 
433 402 234 443 392 233 445 389 233 
462 347 233 462 363 234 456 368 233 
462 347 233 456 368 233 456 356 233 
440 402 234 423 402 235 421 398 234 
440 402 234 421 398 234 437 402 234 
437 402 234 452 386 234 455 384 234 
437 402 234 455 384 234 440 402 234 
373 352 234 370 340 234 374 343 234 
373 352 234 374 343 234 376 353 234 
387 377 235 378 365 234 382 364 234 
387 377 235 382 364 234 390 375 234 
421 398 234 423 402 235 410 395 235 
421 398 234 410 395 235 411 389 234 
398 388 235 387 377 235 390 375 234 
398 388 235 390 375 234 400 383 234 
455 384 234 452 386 234 456 368 233 
455 384 234 456 368 233 462 363 234 
370 340 234 371 330 234 376 334 234 
370 340 234 376 334 234 374 343 234 
376 353 234 382 364 234 378 365 234 
376 353 234 378 365 234 373 352 234 
398 388 235 400 383 234 411 389 234 
398 388 235 411 389 234 410 395 235 
350 444 232 345 442 232 345 442 232 
350 444 232 345 442 232 350 444 232 
345 401 232 346 401 232 345 401 232 
345 401 232 345 401 232 345 401 232 
352 444 232 352 444 232 353 444 232 
352 444 232 353 444 232 353 443 232 
351 401 232 350 397 232 356 398 232 
351 401 232 356 398 232 354 402 232 
350 444 232 350 444 232 352 444 232 
350 444 232 352 444 232 352 444 232 
346 401 232 347 401 232 346 401 232 
346 401 232 346 401 232 345 401 232 
345 400 232 344 401 232 345 401 232 
345 400 232 345 401 232 346 401 232 
346 412 231 346 412 231 345 412 231 
346 412 231 346 413 231 345 412 231 
346 414 231 345 412 231 346 413 231 
358 395 232 347 384 232 345 390 232 
346 411 231 346 412 231 346 412 231 
340 387 232 345 390 232 341 384 232 
345 379 232 343 381 232 347 384 232 
340 390 232 340 392 232 345 395 232 
436 456 228 423 461 228 426 452 228 
346 412 231 345 412 231 346 411 231 
403 359 231 402 358 231 397 361 231 
415 384 229 422 382 230 416 386 230 
410 365 231 419 369 231 416 369 231 
343 383 232 345 380 232 347 379 232 
348 379 232 347 384 232 352 379 232 
342 387 232 345 387 232 342 390 232 
344 406 231 346 407 231 345 409 231 
343 407 230 342 411 230 346 411 230 
345 400 230 347 403 231 344 403 231 
352 410 231 351 400 230 352 402 230 
352 410 231 346 411 230 347 414 231 
352 410 231 352 402 230 349 406 230 
352 410 231 346 407 231 347 403 231 
351 400 230 352 410 231 347 403 231 
347 414 231 348 414 231 352 410 231 
352 410 231 348 414 231 349 413 231 
346 413 231 348 414 231 346 414 231 
350 400 230 352 402 230 351 399 230 
351 400 230 348 399 230 350 399 230 
348 411 231 352 410 231 349 413 231 
346 407 231 352 410 231 348 411 231 
346 411 230 352 410 231 349 406 230 
406 375 230 411 376 230 404 380 230 
406 375 230 410 371 230 411 376 230 
370 388 232 360 377 232 360 381 232 
370 388 232 360 381 232 358 395 232 
360 381 232 355 376 232 352 379 232 
360 377 232 355 376 232 360 381 232 
348 430 231 347 430 231 347 431 231 
347 431 231 348 430 231 347 431 231 
347 431 231 347 432 231 347 431 231 
349 404 232 359 406 232 346 401 232 
348 430 231 348 430 231 347 430 231 
346 401 232 341 397 232 342 399 232 
345 400 232 347 401 232 349 404 232 
340 392 232 340 394 232 345 395 232 
421 498 230 434 497 230 424 499 230 
347 430 231 347 430 231 348 430 231 
402 433 233 403 430 233 397 432 233 
419 461 232 413 463 232 415 459 232 
417 431 233 409 430 233 415 434 233 
346 397 232 344 395 232 348 392 232 
349 404 232 350 403 232 354 402 232 
345 387 232 342 393 232 342 390 232 
348 431 231 346 433 232 346 431 231 
345 440 231 346 443 231 348 442 231 
350 436 232 348 438 232 346 436 232 
354 441 232 354 436 231 355 444 232 
348 442 231 354 436 231 349 436 231 
355 444 232 354 436 231 352 445 232 
348 431 231 354 436 231 350 436 232 
354 436 231 354 441 232 350 436 232 
349 433 231 349 436 231 354 436 231 
349 433 231 354 436 231 349 432 231 
349 433 231 347 431 231 347 432 231 
355 444 232 353 446 232 354 444 232 
351 441 232 354 441 232 353 443 232 
354 436 231 349 430 231 349 432 231 
354 436 231 348 431 231 349 430 231 
354 436 231 348 442 231 352 445 232 
410 454 232 405 446 232 404 453 232 
409 444 233 405 446 232 410 454 232 
360 389 232 370 396 232 361 400 232 
361 400 232 370 396 232 359 406 232 
356 398 232 361 400 232 354 402 232 
356 398 232 360 389 232 361 400 232 
